4 0.91796875 0.58359375 0.0859375 0.18125
4 0.284375 0.659375 0.128125 0.3765625
4 0.3125 0.6625 0.10625 0.31875
4 0.61640625 0.65078125 0.053125 0.153125
4 0.66796875 0.6515625 0.0453125 0.1078125
4 0.64921875 0.659375 0.0296875 0.065625
4 0.57109375 0.653125 0.05625 0.153125
4 0.55234375 0.6640625 0.0265625 0.0765625
4 0.53515625 0.66640625 0.0375 0.08125
4 0.5109375 0.696875 0.03125 0.0734375
4 0.49609375 0.7 0.0234375 0.0625
4 0.48125 0.7 0.028125 0.05
4 0.434375 0.678125 0.05 0.128125
4 0.41796875 0.69453125 0.0328125 0.1015625
4 0.18125 0.78828125 0.0546875 0.1296875
1 0.7828125 0.79453125 0.434375 0.3796875
1 0.30390625 0.76875 0.5765625 0.4625