4 0.91796875 0.565625 0.14140625 0.74296875
4 0.22265625 0.29296875 0.04375 0.12578125
1 0.19921875 0.14921875 0.39765625 0.2984375
1 0.7296875 0.23828125 0.53984375 0.4765625
4 0.078125 0.35546875 0.02734375 0.2234375
4 0.11328125 0.33515625 0.040625 0.2484375
4 0.42265625 0.3125 0.03984375 0.20703125
4 0.296875 0.29140625 0.01796875 0.0953125
4 0.3203125 0.30234375 0.03046875 0.0703125
4 0.36484375 0.28515625 0.03828125 0.1015625
4 0.46796875 0.29453125 0.0375 0.1328125
4 0.50390625 0.3125 0.02578125 0.1328125
4 0.57265625 0.30390625 0.0484375 0.15703125
4 0.621875 0.315625 0.03828125 0.15234375
4 0.65078125 0.28359375 0.0265625 0.1390625