4 0.15625 0.24765625 0.09375 0.1828125
4 0.76328125 0.44609375 0.1453125 0.375
4 0.73828125 0.43203125 0.121875 0.3171875
4 0.45859375 0.3140625 0.0609375 0.153125
4 0.41171875 0.2921875 0.0515625 0.1078125
4 0.4328125 0.2921875 0.0328125 0.065625
4 0.5 0.33125 0.0640625 0.153125
4 0.521875 0.32890625 0.0296875 0.0765625
4 0.5390625 0.334375 0.0421875 0.08125
4 0.57265625 0.3171875 0.034375 0.0734375
4 0.58828125 0.3203125 0.0265625 0.0625
4 0.6015625 0.3265625 0.0296875 0.05
4 0.63515625 0.36640625 0.05625 0.128125
4 0.65625 0.35859375 0.0359375 0.1
4 0.9109375 0.3734375 0.0609375 0.1296875
1 0.32890625 0.146875 0.5296875 0.29375
1 0.75625 0.3 0.4875 0.56875