4 0.77578125 0.57265625 0.125 0.5390625
4 0.48359375 0.4703125 0.0421875 0.1515625
4 0.64296875 0.44296875 0.025 0.1078125
4 0.43828125 0.4421875 0.028125 0.1078125
4 0.96015625 0.4140625 0.0796875 0.325
4 0.40234375 0.44140625 0.0234375 0.0984375
1 0.0609375 0.21953125 0.121875 0.3984375
1 0.63046875 0.240625 0.7015625 0.48125
4 0.01640625 0.48828125 0.0328125 0.1671875
4 0.0375 0.5 0.025 0.190625
4 0.0625 0.50078125 0.053125 0.1734375
4 0.26171875 0.465625 0.03125 0.1328125
4 0.28203125 0.46015625 0.0421875 0.1421875