4 0.834375 0.53125 0.14375 0.69609375
4 0.94453125 0.53125 0.109375 0.74453125
4 0.28359375 0.2765625 0.03125 0.109375
4 0.08828125 0.31015625 0.028125 0.12421875
1 0.20859375 0.1859375 0.4171875 0.371875
1 0.73359375 0.2625 0.53203125 0.52421875
4 0.19453125 0.303125 0.046875 0.2015625
4 0.16796875 0.33359375 0.03515625 0.14296875
4 0.49453125 0.29921875 0.03671875 0.13828125
4 0.46015625 0.32265625 0.04765625 0.17578125
4 0.5546875 0.28203125 0.01953125 0.14140625
4 0.5921875 0.3171875 0.03828125 0.16484375
4 0.62421875 0.29453125 0.03125 0.1109375