4 0.65 0.25703125 0.5421875 0.2234375
4 0.4671875 0.50703125 0.153125 0.0703125
4 0.4875 0.34609375 0.1078125 0.04375
4 0.4265625 0.5421875 0.1078125 0.046875
4 0.553125 0.05234375 0.328125 0.1046875
4 0.415625 0.5765625 0.0984375 0.0421875
1 0.15234375 0.8484375 0.3046875 0.21875
1 0.29453125 0.340625 0.5890625 0.68125
4 0.346875 0.96171875 0.1671875 0.06875
4 0.36484375 0.9421875 0.1890625 0.0625
4 0.3734375 0.91875 0.178125 0.084375
4 0.39765625 0.71796875 0.1328125 0.05625
4 0.39765625 0.696875 0.1453125 0.0671875