4 0.89140625 0.76953125 0.1109375 0.20625
4 0.20859375 0.5421875 0.1703125 0.4234375
4 0.2359375 0.559375 0.14375 0.3609375
4 0.33359375 0.65234375 0.053125 0.115625
4 0.3625 0.64921875 0.059375 0.125
4 0.83359375 0.7953125 0.0390625 0.08125
4 0.071875 0.61640625 0.0703125 0.15625
1 0.66875 0.83046875 0.54375 0.3390625
1 0.2421875 0.70390625 0.484375 0.5546875
4 0.57734375 0.7234375 0.0421875 0.0859375
4 0.54296875 0.70390625 0.065625 0.15
4 0.50546875 0.6859375 0.05625 0.134375
4 0.48046875 0.675 0.034375 0.0875
4 0.4609375 0.659375 0.040625 0.0859375
4 0.42109375 0.69609375 0.0234375 0.05625
4 0.40703125 0.6875 0.028125 0.0609375
4 0.39140625 0.690625 0.0265625 0.05