4 0.834375 0.4671875 0.2734375 0.7109375
4 0.90859375 0.44609375 0.1828125 0.7515625
4 0.2453125 0.321875 0.0515625 0.1140625
4 0.059375 0.3921875 0.0515625 0.128125
1 0.196875 0.24765625 0.39375 0.4453125
1 0.684375 0.265625 0.621875 0.53125
4 0.1625 0.36484375 0.084375 0.20625
4 0.1421875 0.4 0.0609375 0.1484375
4 0.45625 0.30390625 0.0625 0.1421875
4 0.42734375 0.33359375 0.0796875 0.18125
4 0.51171875 0.27578125 0.0453125 0.1421875
4 0.55546875 0.303125 0.06875 0.1703125
4 0.5828125 0.27421875 0.0515625 0.115625