4 0.021875 0.35078125 0.04375 0.1984375
4 0.82734375 0.40703125 0.075 0.49296875
4 0.65 0.31875 0.02890625 0.11875
4 0.6046875 0.3265625 0.03046875 0.12421875
4 0.78671875 0.3953125 0.05703125 0.41328125
4 0.45859375 0.33828125 0.025 0.14609375
4 0.0515625 0.325 0.034375 0.11640625
4 0.09921875 0.3203125 0.01796875 0.0890625
4 0.9234375 0.28203125 0.03203125 0.16484375
4 0.075 0.325 0.01875 0.08671875
4 0.3859375 0.31875 0.0171875 0.10234375
4 0.41015625 0.3265625 0.021875 0.14140625
4 0.49375 0.3328125 0.01640625 0.09375
4 0.5140625 0.34296875 0.02109375 0.09140625
4 0.5421875 0.296875 0.01796875 0.0703125
4 0.55859375 0.296875 0.0125 0.07421875
4 0.5734375 0.2953125 0.01640625 0.0515625
1 0.24765625 0.15078125 0.4953125 0.3015625
1 0.7578125 0.23359375 0.48125 0.4671875