4 0.87421875 0.6359375 0.2515625 0.728125
4 0.271875 0.23984375 0.06875 0.13125
1 0.278125 0.140625 0.45 0.28125
1 0.73203125 0.290625 0.5359375 0.578125
4 0.1171875 0.27109375 0.0734375 0.225
4 0.15625 0.25859375 0.090625 0.2515625
4 0.46328125 0.30078125 0.0828125 0.2109375
4 0.34453125 0.25390625 0.0375 0.096875
4 0.365625 0.26953125 0.0453125 0.075
4 0.4125 0.26171875 0.0578125 0.1078125
4 0.51171875 0.2921875 0.0640625 0.1375
4 0.54296875 0.3171875 0.0515625 0.134375
4 0.61171875 0.3234375 0.0796875 0.1625
4 0.6578125 0.3453125 0.06875 0.1578125
4 0.6921875 0.31953125 0.0546875 0.1421875