4 0.9515625 0.61796875 0.09453125 0.75390625
4 0.19921875 0.31953125 0.046875 0.13515625
4 0.38828125 0.36796875 0.05078125 0.23125
4 0.0328125 0.384375 0.065625 0.26875
4 0.61796875 0.35546875 0.03203125 0.13359375
4 0.49453125 0.35 0.025 0.12578125
4 0.64921875 0.3390625 0.01953125 0.1109375
1 0.21171875 0.15546875 0.4234375 0.3109375
1 0.7359375 0.253125 0.528125 0.50546875
4 0.30859375 0.31796875 0.02734375 0.08828125
4 0.45703125 0.3515625 0.0375 0.15078125
4 0.5640625 0.321875 0.071875 0.17421875