4 0.60859375 0.1 0.7546875 0.2
4 0.26484375 0.75390625 0.128125 0.05625
1 0.14453125 0.7625 0.2890625 0.428125
1 0.2640625 0.26875 0.528125 0.5375
4 0.3125 0.9046875 0.225 0.0515625
4 0.2953125 0.8671875 0.2515625 0.065625
4 0.30546875 0.55703125 0.209375 0.0625
4 0.27109375 0.68046875 0.096875 0.028125
4 0.284375 0.6578125 0.0734375 0.0390625
4 0.271875 0.61171875 0.1046875 0.0484375
4 0.2921875 0.51015625 0.1359375 0.0515625
4 0.3140625 0.4765625 0.134375 0.0390625
4 0.3125 0.40703125 0.1609375 0.0640625
4 0.3296875 0.359375 0.15625 0.053125
4 0.30078125 0.32734375 0.140625 0.040625