4 0.50546875 0.146875 0.7140625 0.21875
4 0.33515625 0.79765625 0.125 0.05
4 0.496875 0.06953125 0.765625 0.1390625
4 0.396875 0.96953125 0.1296875 0.0453125
1 0.2265625 0.7796875 0.428125 0.440625
1 0.2359375 0.3109375 0.471875 0.6
4 0.40078125 0.88359375 0.19375 0.065625
4 0.40390625 0.91484375 0.209375 0.0671875
4 0.34296875 0.6046875 0.23125 0.08125
4 0.3328125 0.53984375 0.165625 0.0625
4 0.2953125 0.49296875 0.146875 0.05
4 0.31796875 0.44375 0.140625 0.05
4 0.29375 0.41640625 0.1328125 0.040625