4 0.2875 0.925 0.203125 0.0859375
4 0.4171875 0.2171875 0.4265625 0.1140625
4 0.4046875 0.246875 0.3625 0.096875
4 0.3265625 0.35703125 0.1140625 0.0390625
4 0.3328125 0.384375 0.125 0.0421875
4 0.25390625 0.87109375 0.08125 0.0296875
4 0.325 0.0921875 0.15625 0.05
1 0.16875 0.7203125 0.3375 0.509375
1 0.25390625 0.24609375 0.4984375 0.4921875
4 0.2890625 0.6078125 0.084375 0.03125
4 0.30390625 0.57109375 0.15 0.0453125
4 0.31640625 0.53125 0.134375 0.0390625
4 0.32421875 0.50546875 0.0890625 0.0234375
4 0.33671875 0.4828125 0.0859375 0.028125
4 0.29453125 0.4484375 0.05625 0.015625
4 0.30078125 0.43359375 0.0609375 0.0203125
4 0.29609375 0.41875 0.0484375 0.021875