4 0.41015625 0.9796875 0.2015625 0.040625
4 0.36796875 0.18671875 0.4984375 0.134375
4 0.3015625 0.3734375 0.121875 0.0421875
4 0.31484375 0.4171875 0.128125 0.046875
4 0.3609375 0.228125 0.415625 0.10625
4 0.34453125 0.5609375 0.1484375 0.0421875
4 0.38125 0.96640625 0.11875 0.0484375
4 0.3703125 0.91953125 0.090625 0.0296875
4 0.23203125 0.10625 0.16875 0.0515625
4 0.378125 0.94296875 0.0890625 0.0296875
4 0.334375 0.63515625 0.1046875 0.0296875
4 0.3390625 0.61015625 0.1421875 0.0390625
4 0.33515625 0.5265625 0.0953125 0.0265625
4 0.3421875 0.50546875 0.0921875 0.0328125
4 0.29296875 0.4828125 0.071875 0.0265625
4 0.29140625 0.46640625 0.0765625 0.021875
4 0.2875 0.45234375 0.053125 0.021875
1 0.184375 0.7640625 0.359375 0.471875
1 0.23203125 0.2765625 0.4640625 0.534375