4 0.23203125 0.9234375 0.203125 0.09375
4 0.4953125 0.159375 0.496875 0.2
4 0.3640625 0.3078125 0.121875 0.0578125
4 0.359375 0.35390625 0.128125 0.0625
4 0.4734375 0.19609375 0.4125 0.1609375
4 0.3328125 0.4984375 0.1484375 0.0625
4 0.21484375 0.8875 0.1203125 0.0625
4 0.22265625 0.840625 0.090625 0.040625
4 0.3984375 0.03515625 0.16875 0.0703125
4 0.22109375 0.86484375 0.0890625 0.040625
4 0.2953125 0.56328125 0.1046875 0.04375
4 0.309375 0.5421875 0.1421875 0.0578125
4 0.33671875 0.4625 0.0953125 0.0390625
4 0.35234375 0.44609375 0.09375 0.0453125
4 0.31484375 0.40703125 0.0734375 0.0359375
4 0.31875 0.390625 0.075 0.03125
4 0.32109375 0.37578125 0.053125 0.028125
1 0.153125 0.653125 0.30625 0.55625
1 0.30859375 0.2375 0.5765625 0.475