4 0.1640625 0.4859375 0.1796875 0.703125
4 0.0640625 0.49140625 0.128125 0.7484375
4 0.728125 0.71171875 0.0375 0.1109375
4 0.92109375 0.66796875 0.034375 0.1265625
1 0.79453125 0.7984375 0.4109375 0.39375
1 0.27890625 0.73671875 0.5578125 0.5265625
4 0.815625 0.68046875 0.0578125 0.203125
4 0.840625 0.6484375 0.0421875 0.1453125
4 0.515625 0.7 0.0453125 0.1390625
4 0.54921875 0.675 0.05625 0.1765625
4 0.45703125 0.7203125 0.0265625 0.1421875
4 0.4171875 0.6875 0.046875 0.1671875
4 0.38671875 0.71171875 0.0375 0.1125