4 0.05234375 0.340625 0.06171875 0.19609375
4 0.7703125 0.38359375 0.06328125 0.421875
4 0.73984375 0.37421875 0.05234375 0.359375
4 0.62109375 0.31015625 0.02421875 0.11328125
4 0.59453125 0.3203125 0.028125 0.121875
4 0.1015625 0.30078125 0.01953125 0.0796875
4 0.88359375 0.2765625 0.03046875 0.15390625
1 0.23671875 0.1703125 0.47265625 0.340625
1 0.75 0.22109375 0.5 0.44140625
4 0.3671875 0.30390625 0.021875 0.0828125
4 0.40546875 0.3140625 0.02734375 0.1484375
4 0.446875 0.321875 0.0234375 0.1328125
4 0.4734375 0.32578125 0.01328125 0.08671875
4 0.496875 0.3359375 0.01953125 0.08515625
4 0.52578125 0.28984375 0.01015625 0.05703125
4 0.54140625 0.29453125 0.01171875 0.06015625
4 0.55546875 0.2875 0.015625 0.046875