4 0.10546875 0.33828125 0.05390625 0.17578125
4 0.7421875 0.384375 0.05703125 0.371875
4 0.71484375 0.3765625 0.04609375 0.31640625
4 0.41484375 0.3296875 0.02578125 0.1515625
4 0.3640625 0.31953125 0.0265625 0.1046875
4 0.384375 0.31484375 0.0171875 0.0640625
4 0.459375 0.3359375 0.02734375 0.15078125
4 0.4796875 0.32890625 0.0125 0.07578125
4 0.49765625 0.3296875 0.0234375 0.078125
4 0.5265625 0.3046875 0.0171875 0.07109375
4 0.5421875 0.3046875 0.01328125 0.0609375
4 0.55625 0.30703125 0.01796875 0.04765625
4 0.5984375 0.3375 0.0265625 0.12421875
4 0.6171875 0.325 0.01328125 0.09921875
4 0.86796875 0.278125 0.03125 0.1265625
1 0.2359375 0.14765625 0.47109375 0.2953125
1 0.7515625 0.23125 0.496875 0.4625