4 0.84765625 0.5609375 0.11015625 0.70703125
4 0.23203125 0.290625 0.03203125 0.121875
4 0.95703125 0.5703125 0.084375 0.76328125
4 0.05234375 0.325 0.025 0.128125
1 0.23125 0.18046875 0.4625 0.3609375
1 0.7328125 0.2328125 0.534375 0.465625
4 0.13671875 0.3421875 0.03515625 0.19140625
4 0.10546875 0.33984375 0.03515625 0.20546875
4 0.42109375 0.32890625 0.04765625 0.2265625
4 0.48671875 0.32890625 0.03828125 0.16171875
4 0.5390625 0.29921875 0.028125 0.14375
4 0.584375 0.32890625 0.02734375 0.1375
4 0.61484375 0.309375 0.0203125 0.13046875