4 0.64296875 0.17734375 0.7125 0.2765625
4 0.23203125 0.709375 0.1265625 0.059375
4 0.64921875 0.103125 0.7015625 0.20625
4 0.221875 0.8921875 0.1296875 0.0546875
1 0.178125 0.68359375 0.35625 0.5359375
1 0.296875 0.2625 0.58125 0.525
4 0.259375 0.8140625 0.19375 0.08125
4 0.24921875 0.84375 0.209375 0.084375
4 0.31484375 0.53515625 0.23125 0.1
4 0.33046875 0.471875 0.1671875 0.075
4 0.31484375 0.41328125 0.146875 0.0625
4 0.3546875 0.3765625 0.140625 0.0609375
4 0.34296875 0.3421875 0.1328125 0.0515625