4 0.771875 0.58671875 0.09765625 0.53359375
4 0.48515625 0.46953125 0.03515625 0.15
4 0.64609375 0.45078125 0.01796875 0.10546875
4 0.44140625 0.4390625 0.02109375 0.10703125
4 0.965625 0.4390625 0.06640625 0.321875
4 0.40546875 0.43671875 0.01875 0.09609375
1 0.0640625 0.19609375 0.128125 0.3921875
1 0.64453125 0.2359375 0.67890625 0.471875
4 0.01484375 0.46328125 0.0296875 0.165625
4 0.03828125 0.47578125 0.01640625 0.18984375
4 0.06328125 0.478125 0.04296875 0.17265625
4 0.2640625 0.453125 0.02421875 0.13046875
4 0.284375 0.4484375 0.034375 0.13984375