2 0.66171875 0.60859375 0.25 0.20546875
2 0.0796875 0.72109375 0.159375 0.2859375
4 0.35 0.51796875 0.0203125 0.0640625
4 0.55390625 0.49765625 0.0109375 0.05703125
4 0.15234375 0.48046875 0.0125 0.028125
4 0.3765625 0.509375 0.01953125 0.08046875
4 0.28359375 0.5125 0.0140625 0.06953125
4 0.4046875 0.509375 0.01171875 0.04609375
1 0.6609375 0.24296875 0.19296875 0.475
1 0.446875 0.29453125 0.1890625 0.253125
1 0.81171875 0.3390625 0.13046875 0.1671875
2 0.48046875 0.56875 0.17265625 0.1640625
2 0.8046875 0.5328125 0.121875 0.146875
2 0.90703125 0.578125 0.1125 0.1453125