4 0.509375 0.86015625 0.6109375 0.2015625
4 0.48125 0.540625 0.36875 0.1390625
4 0.590625 0.43203125 0.1453125 0.0453125
4 0.56171875 0.70546875 0.35 0.1109375
4 0.63125 0.72734375 0.1578125 0.046875
4 0.59453125 0.453125 0.1390625 0.046875
4 0.478125 0.671875 0.4859375 0.1515625
4 0.5328125 0.5984375 0.38125 0.1171875
1 0.740625 0.025 0.303125 0.05
1 0.93046875 0.58828125 0.1390625 0.4015625
1 0.69921875 0.16328125 0.15625 0.1796875
2 0.52578125 0.03203125 0.1640625 0.0640625
2 0.54921875 0.1359375 0.10625 0.0875
2 0.5578125 0.23359375 0.1 0.0734375