4 0.36796875 0.83515625 0.6109375 0.2703125
4 0.4671875 0.5296875 0.3703125 0.18125
4 0.61015625 0.47265625 0.1453125 0.0609375
4 0.4765625 0.71328125 0.3484375 0.1515625
4 0.53203125 0.7609375 0.1578125 0.0640625
4 0.60546875 0.49375 0.1390625 0.0625
4 0.41328125 0.65 0.484375 0.20625
4 0.49140625 0.60390625 0.38125 0.1609375
1 0.88359375 0.1296875 0.2328125 0.14375
1 0.88203125 0.75859375 0.2234375 0.4078125
1 0.81484375 0.26796875 0.171875 0.1921875
2 0.71015625 0.07109375 0.1671875 0.1015625
2 0.6875 0.18359375 0.1125 0.096875
2 0.6578125 0.27734375 0.1046875 0.0828125