2 0.66484375 0.865625 0.3578125 0.26875
2 0.6015625 0.315625 0.203125 0.24375
2 0.575 0.7671875 0.1640625 0.259375
4 0.48828125 0.8484375 0.034375 0.015625
4 0.51015625 0.625 0.08125 0.021875
4 0.51875 0.65078125 0.0640625 0.021875
4 0.51640625 0.5953125 0.05625 0.0140625
4 0.48203125 0.4453125 0.0234375 0.0125
4 0.5046875 0.715625 0.0515625 0.0140625
1 0.2390625 0.34140625 0.478125 0.2046875
1 0.29375 0.57109375 0.2484375 0.1953125
2 0.496875 0.1953125 0.14375 0.1203125
2 0.54921875 0.10625 0.16875 0.11875
2 0.5609375 0.4890625 0.1796875 0.184375