4 0.6359375 0.403125 0.034375 0.165625
4 0.2171875 0.4140625 0.059375 0.1390625
4 0.5015625 0.40703125 0.0296875 0.134375
4 0.30859375 0.40859375 0.0375 0.1015625
4 0.121875 0.38671875 0.0265625 0.1109375
4 0.03046875 0.37578125 0.0234375 0.059375
4 0.36171875 0.3765625 0.0140625 0.0640625
4 0.10234375 0.3875 0.0234375 0.1109375
4 0.05 0.37578125 0.01875 0.05625
4 0.33359375 0.3859375 0.025 0.109375
1 0.490625 0.33046875 0.065625 0.140625
1 0.24765625 0.33359375 0.1859375 0.13125
4 0.59609375 0.3796875 0.0328125 0.125