4 0.203125 0.54140625 0.253125 0.5984375
4 0.47890625 0.4921875 0.1578125 0.35625
4 0.36484375 0.49140625 0.2375 0.4984375
4 0.58359375 0.58984375 0.05625 0.1484375
4 0.56328125 0.59375 0.0609375 0.14375
1 0.984375 0.71484375 0.03125 0.2828125
2 0.77578125 0.53515625 0.1 0.1390625
2 0.946875 0.5046875 0.10625 0.196875
2 0.85546875 0.5265625 0.09375 0.10625
1 0.9328125 0.66328125 0.134375 0.1890625
1 0.8171875 0.66171875 0.115625 0.1328125
2 0.7125 0.53828125 0.0546875 0.084375
1 0.4640625 0.91953125 0.390625 0.1609375