4 0.67890625 0.39140625 0.04375 0.18046875
4 0.36640625 0.3765625 0.025 0.11953125
4 0.5296875 0.390625 0.02890625 0.13203125
4 0.56875 0.39296875 0.02890625 0.13046875
4 0.3265625 0.396875 0.04140625 0.1125
4 0.1640625 0.37734375 0.028125 0.10703125
4 0.390625 0.36484375 0.01171875 0.065625
4 0.22734375 0.4046875 0.0640625 0.14609375
4 0.03125 0.36796875 0.01796875 0.05859375
4 0.1453125 0.37890625 0.0203125 0.10546875
4 0.01171875 0.36875 0.0234375 0.059375
1 0.2796875 0.32265625 0.17421875 0.1375
1 0.52109375 0.315625 0.0640625 0.14453125
4 0.61171875 0.38125 0.04296875 0.12578125
4 0.634375 0.365625 0.02578125 0.1375