2 0.27890625 0.7703125 0.5171875 0.459375
4 0.23828125 0.59453125 0.0375 0.0921875
4 0.38984375 0.5515625 0.0359375 0.0828125
4 0.4140625 0.54375 0.0265625 0.0609375
4 0.18671875 0.58515625 0.021875 0.028125
4 0.3625 0.56796875 0.034375 0.06875
4 0.3 0.58203125 0.034375 0.0828125
1 0.6 0.23984375 0.3125 0.4796875
1 0.3734375 0.32578125 0.2375 0.278125
1 0.77734375 0.3125 0.146875 0.2515625
2 0.67109375 0.55390625 0.3296875 0.2734375
2 0.86484375 0.4578125 0.14375 0.125
2 0.9515625 0.50625 0.096875 0.209375