4 0.6453125 0.41796875 0.0515625 0.16875
4 0.22734375 0.384375 0.071875 0.14375
4 0.51171875 0.4078125 0.04375 0.1375
4 0.31953125 0.3890625 0.0484375 0.1046875
4 0.1359375 0.34765625 0.0390625 0.1125
4 0.04609375 0.32734375 0.0296875 0.0609375
4 0.375 0.3625 0.0203125 0.065625
4 0.11640625 0.346875 0.0359375 0.1125
4 0.06484375 0.3296875 0.0234375 0.0578125
4 0.34609375 0.36953125 0.0359375 0.1109375
1 0.50859375 0.33046875 0.0796875 0.1453125
1 0.26640625 0.30859375 0.1984375 0.15
4 0.6078125 0.390625 0.046875 0.128125