4 0.8578125 0.540625 0.11796875 0.6
4 0.5375 0.52421875 0.09140625 0.359375
4 0.4453125 0.40078125 0.02421875 0.14296875
4 0.71171875 0.4671875 0.0640625 0.34296875
4 0.74375 0.4015625 0.02421875 0.15546875
4 0.46640625 0.4 0.028125 0.1359375
4 0.6671875 0.5453125 0.0859375 0.47890625
4 0.60234375 0.48125 0.065625 0.3765625
1 0.034375 0.190625 0.06875 0.296875
1 0.65078125 0.0640625 0.38671875 0.12734375
1 0.19453125 0.25625 0.1625 0.13515625
2 0.03125 0.4078125 0.06171875 0.15625
2 0.14609375 0.40078125 0.07421875 0.09609375
2 0.24453125 0.40546875 0.0609375 0.0921875