4 0.57109375 0.73828125 0.1921875 0.0703125
4 0.63671875 0.371875 0.121875 0.065625
4 0.64921875 0.4234375 0.1265625 0.046875
4 0.60234375 0.57890625 0.134375 0.053125
4 0.59453125 0.61796875 0.134375 0.0546875
4 0.65546875 0.4484375 0.0671875 0.0265625
4 0.68671875 0.23046875 0.1125 0.0484375
4 0.72421875 0.07265625 0.05625 0.028125
4 0.6875 0.21015625 0.1078125 0.0390625
4 0.6 0.68828125 0.1140625 0.0453125
4 0.728125 0.05390625 0.0640625 0.0328125
4 0.5984375 0.66328125 0.121875 0.0484375
1 0.7171875 0.34921875 0.165625 0.19375
1 0.68203125 0.5875 0.15625 0.090625