4 0.7984375 0.5265625 0.125 0.5859375
4 0.51875 0.5125 0.08046875 0.346875
4 0.6296875 0.5390625 0.1328125 0.48046875
4 0.4390625 0.39375 0.0234375 0.14609375
4 0.459375 0.39453125 0.0296875 0.14140625
1 0.03125 0.17109375 0.0625 0.2765625
2 0.2390625 0.40390625 0.0734375 0.12578125
2 0.05 0.39140625 0.1 0.1796875
2 0.159375 0.39375 0.07578125 0.09140625
1 0.1125 0.24296875 0.10234375 0.1703125
1 0.22734375 0.27109375 0.0921875 0.11484375
2 0.3015625 0.41484375 0.0375 0.07734375
1 0.63515625 0.0703125 0.36875 0.1390625