2 0.2328125 0.24921875 0.465625 0.4828125
4 0.43359375 0.2296875 0.0921875 0.028125
4 0.46015625 0.38515625 0.0828125 0.028125
4 0.465625 0.41015625 0.0609375 0.0203125
4 0.44765625 0.17890625 0.0265625 0.01875
4 0.446875 0.35625 0.0671875 0.028125
4 0.4390625 0.2921875 0.0828125 0.0265625
1 0.75625 0.6296875 0.4875 0.265625
1 0.6859375 0.39296875 0.2640625 0.215625
1 0.6578125 0.79609375 0.246875 0.1234375
2 0.428125 0.66484375 0.246875 0.3140625
2 0.503125 0.8671875 0.1140625 0.1359375
2 0.446875 0.95 0.2078125 0.08125