4 0.9390625 0.53046875 0.11640625 0.58046875
4 0.65 0.56484375 0.09296875 0.4265625
4 0.7546875 0.584375 0.12734375 0.60703125
4 0.4859375 0.503125 0.07421875 0.39296875
4 0.40859375 0.4140625 0.0296875 0.146875
4 0.43203125 0.415625 0.0234375 0.1484375
1 0.02421875 0.21328125 0.0484375 0.290625
1 0.15390625 0.27578125 0.18984375 0.1703125
1 0.6359375 0.07109375 0.39296875 0.14140625
2 0.21015625 0.42109375 0.06875 0.11796875
2 0.0890625 0.40703125 0.096875 0.09921875
2 0.0390625 0.4140625 0.0484375 0.09453125