2 0.86796875 0.44140625 0.2640625 0.2265625
2 0.40234375 0.36875 0.2921875 0.2484375
4 0.84296875 0.54296875 0.0203125 0.0453125
4 0.71640625 0.50078125 0.0234375 0.0828125
4 0.4453125 0.4984375 0.0171875 0.040625
4 0.65390625 0.50390625 0.0171875 0.0453125
1 0.31171875 0.7359375 0.2453125 0.490625
1 0.5515625 0.7265625 0.2234375 0.303125
1 0.16796875 0.621875 0.18125 0.2734375
2 0.58515625 0.4125 0.2078125 0.21875
2 0.25859375 0.4359375 0.1890625 0.2109375
2 0.10703125 0.3953125 0.15625 0.23125