2 0.64453125 0.36953125 0.2609375 0.2921875
2 0.6125 0.92421875 0.315625 0.1515625
4 0.48125 0.65 0.0671875 0.0359375
4 0.5109375 0.446875 0.0578125 0.025
4 0.396875 0.8328125 0.0296875 0.01875
4 0.47890625 0.621875 0.0828125 0.0375
4 0.46015625 0.71328125 0.0703125 0.0296875
4 0.4859375 0.59453125 0.0484375 0.0234375
1 0.28984375 0.28203125 0.5078125 0.303125
1 0.2875 0.5015625 0.290625 0.2453125
1 0.41953125 0.15859375 0.19375 0.1671875
2 0.56171875 0.5359375 0.2 0.20625
2 0.60546875 0.2125 0.171875 0.153125
2 0.67421875 0.12421875 0.16875 0.14375