2 0.2140625 0.73359375 0.428125 0.41953125
4 0.2234375 0.528125 0.01484375 0.090625
4 0.38046875 0.5234375 0.0171875 0.08046875
4 0.40625 0.521875 0.01328125 0.059375
4 0.175 0.50703125 0.01484375 0.025
4 0.35 0.5328125 0.01796875 0.065625
4 0.2859375 0.53125 0.01484375 0.08203125
1 0.665625 0.25078125 0.19921875 0.490625
1 0.41953125 0.30078125 0.18359375 0.23984375
1 0.81484375 0.38515625 0.0921875 0.2359375
2 0.653125 0.59375 0.2875 0.209375
2 0.8640625 0.54765625 0.1234375 0.0984375
2 0.93828125 0.615625 0.05234375 0.20234375