2 0.8671875 0.3734375 0.265625 0.375
2 0.32734375 0.3796875 0.25625 0.21875
2 0.77421875 0.453125 0.26875 0.18125
4 0.8453125 0.5484375 0.01875 0.0359375
4 0.625 0.503125 0.0265625 0.0828125
4 0.6515625 0.496875 0.0265625 0.065625
4 0.59609375 0.49375 0.0171875 0.0578125
4 0.44375 0.5125 0.0140625 0.025
4 0.71484375 0.51796875 0.0171875 0.053125
1 0.31484375 0.74296875 0.2375 0.4921875
1 0.5484375 0.7125 0.2109375 0.2609375
2 0.196875 0.47109375 0.1296875 0.1515625
2 0.11328125 0.409375 0.1296875 0.1765625
2 0.4953125 0.43828125 0.1953125 0.1921875