4 0.2125 0.4171875 0.234375 0.5984375
4 0.48359375 0.484375 0.1453125 0.35625
4 0.38046875 0.43671875 0.221875 0.4984375
4 0.53984375 0.615625 0.0515625 0.1484375
4 0.51953125 0.6109375 0.05625 0.14375
1 0.89765625 0.88515625 0.1140625 0.2296875
2 0.7375 0.64375 0.0953125 0.1359375
2 0.92109375 0.6921875 0.1328125 0.1953125
2 0.8140625 0.66953125 0.090625 0.1046875
1 0.83125 0.8265625 0.134375 0.1875
1 0.72421875 0.7765625 0.1125 0.13125
2 0.67890625 0.62109375 0.0515625 0.084375
1 0.28515625 0.89609375 0.3890625 0.20625