4 0.634375 0.40078125 0.03203125 0.165625
4 0.215625 0.41875 0.05625 0.1375
4 0.5 0.40703125 0.02890625 0.13359375
4 0.30703125 0.41171875 0.0359375 0.1015625
4 0.1203125 0.39296875 0.02421875 0.1109375
4 0.028125 0.384375 0.02109375 0.05859375
4 0.359375 0.37890625 0.01171875 0.0640625
4 0.10078125 0.39453125 0.021875 0.1109375
4 0.04765625 0.38359375 0.0171875 0.05546875
4 0.33125 0.3890625 0.0234375 0.10859375
1 0.4875 0.33046875 0.06328125 0.1390625
1 0.24453125 0.33828125 0.184375 0.12890625
4 0.59375 0.378125 0.03046875 0.125