4 0.3765625 0.28359375 0.190625 0.040625
4 0.3953125 0.65546875 0.1171875 0.0484375
4 0.371875 0.60859375 0.125 0.028125
4 0.3828125 0.44609375 0.1328125 0.0328125
4 0.38125 0.40625 0.1328125 0.034375
4 0.36015625 0.58515625 0.065625 0.015625
4 0.37890625 0.8046875 0.1109375 0.0328125
4 0.378125 0.9671875 0.053125 0.021875
4 0.38203125 0.825 0.10625 0.0234375
4 0.36015625 0.3390625 0.1125 0.028125
4 0.378125 0.9859375 0.0609375 0.025
4 0.3671875 0.36328125 0.1203125 0.03125
1 0.32265625 0.6953125 0.1421875 0.175
1 0.303125 0.45546875 0.1484375 0.06875