2 0.13125 0.65859375 0.2625 0.353125
2 0.6828125 0.6046875 0.24140625 0.1984375
2 0.23125 0.5703125 0.25546875 0.159375
4 0.1515625 0.48203125 0.015625 0.03359375
4 0.375 0.5078125 0.0203125 0.08203125
4 0.34921875 0.51640625 0.0203125 0.0640625
4 0.4046875 0.51484375 0.01328125 0.05703125
4 0.5546875 0.4828125 0.0125 0.0234375
4 0.284375 0.50078125 0.01328125 0.0515625
1 0.66328125 0.2421875 0.196875 0.4765625
1 0.4328125 0.2921875 0.190625 0.2453125
2 0.8046875 0.50234375 0.1171875 0.1421875
2 0.89296875 0.55625 0.115625 0.1671875
2 0.51015625 0.5609375 0.18125 0.1765625