4 0.6515625 0.64453125 0.1859375 0.0890625
4 0.584375 0.3390625 0.121875 0.0546875
4 0.61328125 0.5 0.134375 0.0609375
4 0.62109375 0.5390625 0.134375 0.0609375
4 0.5546875 0.30546875 0.11875 0.06875
4 0.53125 0.14375 0.109375 0.0546875
4 0.60234375 0.359375 0.0671875 0.0296875
4 0.521875 0.21171875 0.1578125 0.1
4 0.50625 0.01484375 0.0625 0.0296875
4 0.525 0.12578125 0.1078125 0.046875
4 0.50078125 0.00625 0.0640625 0.0125
1 0.6140625 0.24140625 0.178125 0.2046875
1 0.68359375 0.47265625 0.1546875 0.0984375
4 0.64375 0.57734375 0.1328125 0.075
4 0.66484375 0.5953125 0.1390625 0.059375