4 0.6984375 0.434375 0.0828125 0.1859375
4 0.39765625 0.35 0.0515625 0.121875
4 0.55390625 0.4 0.05625 0.134375
4 0.59140625 0.4109375 0.05625 0.134375
4 0.35390625 0.36015625 0.065625 0.11875
4 0.2 0.3046875 0.0515625 0.109375
4 0.42421875 0.34375 0.0265625 0.0671875
4 0.25546875 0.34609375 0.0953125 0.1578125
4 0.07265625 0.265625 0.03125 0.0625
4 0.18203125 0.30234375 0.04375 0.1078125
4 0.05390625 0.2625 0.0359375 0.0625
1 0.325 0.27734375 0.2015625 0.1734375
1 0.56171875 0.325 0.0953125 0.1546875
4 0.6359375 0.409375 0.0703125 0.13125
4 0.6609375 0.39921875 0.0546875 0.1390625