2 0.6703125 0.59375 0.2671875 0.2265625
2 0.10078125 0.75703125 0.184375 0.2984375
4 0.35234375 0.53125 0.0265625 0.065625
4 0.553125 0.49296875 0.015625 0.05625
4 0.15234375 0.5109375 0.015625 0.0296875
4 0.378125 0.5203125 0.025 0.0828125
4 0.28515625 0.53125 0.0203125 0.0703125
4 0.40625 0.51796875 0.0171875 0.0484375
1 0.6375 0.2375 0.234375 0.475
1 0.42890625 0.3 0.2109375 0.26875
1 0.796875 0.3125 0.1453125 0.178125
2 0.48671875 0.5703125 0.1859375 0.178125
2 0.80625 0.50625 0.134375 0.15625
2 0.9125 0.5421875 0.125 0.1546875