4 0.7203125 0.384375 0.03515625 0.1890625
4 0.3484375 0.38984375 0.04453125 0.115625
4 0.39609375 0.36796875 0.0234375 0.125
4 0.5578125 0.384375 0.02890625 0.13203125
4 0.59765625 0.384375 0.0296875 0.13203125
4 0.41953125 0.35703125 0.0140625 0.06640625
4 0.2 0.36796875 0.02890625 0.10859375
4 0.0375 0.36171875 0.01953125 0.05390625
4 0.1796875 0.37109375 0.01953125 0.10546875
4 0.665625 0.365625 0.02421875 0.1109375
4 0.01875 0.3609375 0.02265625 0.0609375
4 0.64140625 0.371875 0.0265625 0.11953125
1 0.3109375 0.315625 0.1703125 0.1359375
1 0.5515625 0.3046875 0.0640625 0.14609375