2 0.1171875 0.59921875 0.234375 0.2046875
4 0.15625 0.509375 0.01640625 0.071875
4 0.578125 0.67890625 0.08671875 0.271875
4 0.4046875 0.49140625 0.01171875 0.028125
4 0.55625 0.49765625 0.0109375 0.0375
1 0.6640625 0.2453125 0.19453125 0.46796875
1 0.44453125 0.26171875 0.18515625 0.20703125
1 0.8046875 0.36796875 0.1328125 0.24453125
2 0.365625 0.596875 0.1375 0.24765625
2 0.559375 0.60859375 0.27265625 0.23359375
2 0.7265625 0.54921875 0.1890625 0.1625
2 0.890625 0.56796875 0.1296875 0.153125