4 0.90234375 0.540625 0.021875 0.0890625
4 0.87421875 0.609375 0.03203125 0.1515625
2 0.51796875 0.58828125 0.065625 0.09453125
2 0.64296875 0.64609375 0.103125 0.19609375
1 0.1296875 0.33984375 0.259375 0.6796875
1 0.3453125 0.26171875 0.2 0.5234375
1 0.8125 0.2640625 0.26015625 0.52421875
1 0.515625 0.321875 0.12890625 0.2703125
1 0.9578125 0.33828125 0.08203125 0.67578125
2 0.5546875 0.50703125 0.0703125 0.08125
4 0.27578125 0.54140625 0.03203125 0.12265625
4 0.309375 0.54375 0.0265625 0.11875