4 0.03359375 0.63203125 0.021875 0.11328125
4 0.0453125 0.63359375 0.01953125 0.10390625
4 0.12421875 0.62890625 0.021875 0.11640625
4 0.1375 0.62109375 0.01875 0.109375
2 0.67265625 0.690625 0.22109375 0.240625
2 0.428125 0.53515625 0.03515625 0.0484375
1 0.8234375 0.28515625 0.35078125 0.5703125
1 0.4421875 0.3296875 0.17578125 0.29609375
1 0.16015625 0.33984375 0.31953125 0.6796875
1 0.32734375 0.31015625 0.06875 0.31640625
1 0.60234375 0.24609375 0.146875 0.4390625
4 0.753125 0.57265625 0.04375 0.14375