4 0.30234375 0.01875 0.18125 0.034375
4 0.38828125 0.95 0.165625 0.0375
4 0.44765625 0.16796875 0.0984375 0.0234375
4 0.4828125 0.64921875 0.084375 0.0171875
4 0.50390625 0.15546875 0.046875 0.0109375
2 0.51015625 0.39140625 0.0515625 0.0484375
2 0.28828125 0.74140625 0.2234375 0.2125
2 0.46015625 0.5359375 0.1078125 0.0921875
2 0.35078125 0.81328125 0.16875 0.165625
2 0.484375 0.48046875 0.0609375 0.0453125
2 0.50234375 0.25 0.0703125 0.05
1 0.77734375 0.440625 0.4421875 0.3078125
1 0.71640625 0.80390625 0.5671875 0.3765625