4 0.140625 0.5734375 0.02265625 0.11640625
4 0.73828125 0.55625 0.01953125 0.109375
2 0.94140625 0.77109375 0.11484375 0.228125
2 0.67890625 0.61953125 0.14921875 0.18359375
2 0.45703125 0.51796875 0.065625 0.0609375
2 0.51953125 0.53984375 0.06640625 0.07578125
2 0.5953125 0.50703125 0.07421875 0.0515625
1 0.1125 0.2171875 0.225 0.434375
1 0.45234375 0.2078125 0.34375 0.3734375
1 0.8171875 0.27578125 0.35 0.5515625
2 0.2421875 0.490625 0.04296875 0.08203125
2 0.2828125 0.46875 0.03046875 0.06171875