4 0.21484375 0.91328125 0.2484375 0.0859375
4 0.37109375 0.90078125 0.1015625 0.0359375
4 0.51953125 0.259375 0.0625 0.0203125
2 0.4046875 0.39140625 0.109375 0.0875
2 0.25 0.51640625 0.296875 0.18125
2 0.4015625 0.528125 0.0921875 0.1046875
1 0.73671875 0.23671875 0.5265625 0.3640625
1 0.70859375 0.52421875 0.4640625 0.3015625
1 0.70625 0.79296875 0.55 0.4140625
4 0.44296875 0.02421875 0.1796875 0.0484375
4 0.45546875 0.04609375 0.146875 0.05
4 0.43125 0.078125 0.15625 0.0546875
4 0.46328125 0.1234375 0.1578125 0.0640625
2 0.5 0.434375 0.1 0.08125
2 0.52109375 0.50390625 0.0671875 0.0453125