4 0.50625 0.24140625 0.0765625 0.25625
4 0.0203125 0.19140625 0.040625 0.2828125
4 0.6640625 0.4 0.0359375 0.1328125
4 0.44140625 0.31015625 0.0609375 0.2
4 0.48671875 0.3296875 0.0515625 0.203125
4 0.709375 0.38046875 0.034375 0.1484375
4 0.42734375 0.34375 0.0546875 0.20625
2 0.7609375 0.2265625 0.2265625 0.23125
2 0.896875 0.32265625 0.109375 0.1390625
1 0.41328125 0.62109375 0.8265625 0.7578125
1 0.91875 0.6796875 0.1625 0.3375
4 0.809375 0.39609375 0.040625 0.1265625
2 0.86953125 0.45 0.046875 0.0921875
2 0.940625 0.384375 0.0796875 0.1