4 0.33046875 0.72734375 0.1921875 0.05
4 0.28203125 0.63125 0.2140625 0.0484375
4 0.3140625 0.67734375 0.178125 0.0625
4 0.10703125 0.078125 0.1578125 0.0921875
4 0.16015625 0.125 0.1734375 0.065625
4 0.0640625 0.13359375 0.078125 0.0515625
2 0.29140625 0.40390625 0.2015625 0.20625
1 0.62421875 0.68125 0.7515625 0.6375
2 0.38515625 0.25703125 0.1453125 0.0921875
2 0.4609375 0.225 0.065625 0.0546875
2 0.5046875 0.28671875 0.1 0.0453125
1 0.74921875 0.146875 0.33125 0.2796875
4 0.428125 0.45390625 0.128125 0.05625
4 0.4421875 0.43046875 0.1203125 0.0390625
4 0.43203125 0.47890625 0.1109375 0.0328125
4 0.1984375 0.01640625 0.31875 0.0328125