4 0.29609375 0.79296875 0.08046875 0.3109375
4 0.87734375 0.625 0.034375 0.18671875
2 0.56953125 0.6796875 0.18515625 0.17421875
2 0.28671875 0.48125 0.021875 0.0296875
2 0.40703125 0.58359375 0.06640625 0.1
1 0.75078125 0.3359375 0.49609375 0.671875
1 0.07421875 0.26328125 0.140625 0.52578125
1 0.28359375 0.30234375 0.28046875 0.409375
4 0.44375 0.89921875 0.046875 0.2015625
4 0.3984375 0.8625 0.075 0.19609375
4 0.4125 0.75390625 0.05625 0.10859375
4 0.77265625 0.653125 0.0390625 0.165625
4 0.81328125 0.62890625 0.05 0.17734375
4 0.56796875 0.53828125 0.01796875 0.08359375
4 0.58671875 0.5421875 0.02890625 0.096875
4 0.609375 0.546875 0.0234375 0.12421875