4 0.0328125 0.3734375 0.065625 0.25
4 0.07890625 0.515625 0.0421875 0.103125
4 0.73359375 0.4359375 0.025 0.0625
2 0.56953125 0.3734375 0.09375 0.1140625
2 0.39921875 0.2703125 0.1984375 0.303125
2 0.43984375 0.4171875 0.1078125 0.096875
1 0.81953125 0.6578125 0.3609375 0.596875
1 0.5484375 0.7046875 0.328125 0.475
1 0.27109375 0.75859375 0.4921875 0.4828125
4 0.93515625 0.28125 0.0765625 0.1796875
4 0.9109375 0.303125 0.059375 0.146875
4 0.8734375 0.29140625 0.065625 0.15625
4 0.84140625 0.33671875 0.075 0.1609375
2 0.56171875 0.47734375 0.0859375 0.103125
2 0.50390625 0.52109375 0.05 0.06875