4 0.46640625 0.75625 0.05 0.25390625
4 0.96875 0.859375 0.06015625 0.278125
4 0.3265625 0.58203125 0.021875 0.13125
4 0.53828125 0.69453125 0.03984375 0.19609375
4 0.4953125 0.67109375 0.03203125 0.2015625
4 0.27890625 0.596875 0.01953125 0.14609375
4 0.55625 0.66328125 0.03359375 0.20390625
2 0.21171875 0.74453125 0.20546875 0.2109375
2 0.08671875 0.63515625 0.09609375 0.1296875
1 0.6109375 0.36484375 0.77421875 0.7296875
1 0.08359375 0.275 0.1671875 0.321875
4 0.18125 0.57109375 0.02890625 0.12578125
2 0.12734375 0.5109375 0.0375 0.0890625
2 0.05 0.56875 0.0703125 0.09375