4 0.94921875 0.725 0.053125 0.24296875
4 0.91484375 0.571875 0.02109375 0.1
4 0.25859375 0.5140625 0.01328125 0.0609375
2 0.40546875 0.609375 0.07421875 0.1
2 0.55078125 0.7453125 0.14375 0.2796875
2 0.54140625 0.59375 0.09296875 0.0796875
1 0.20234375 0.27421875 0.29140625 0.5484375
1 0.4953125 0.28984375 0.24296875 0.43515625
1 0.7859375 0.25078125 0.396875 0.50078125
4 0.02890625 0.6234375 0.04140625 0.17578125
4 0.05703125 0.60703125 0.0296875 0.14296875
4 0.09140625 0.6265625 0.03359375 0.15390625
4 0.13203125 0.5890625 0.04453125 0.15390625
2 0.43515625 0.509375 0.06953125 0.09140625
2 0.50078125 0.47890625 0.0375 0.0625