4 0.74375 0.5859375 0.2578125 0.1015625
4 0.903125 0.115625 0.19375 0.115625
4 0.54453125 0.68671875 0.1328125 0.0484375
4 0.6984375 0.503125 0.2015625 0.08125
4 0.66640625 0.53984375 0.203125 0.071875
4 0.5484375 0.73671875 0.146875 0.0484375
4 0.67109375 0.47890625 0.20625 0.0765625
2 0.67890625 0.8328125 0.2484375 0.2453125
2 0.54609375 0.93203125 0.146875 0.121875
1 0.4140625 0.40859375 0.828125 0.8171875
1 0.19296875 0.86015625 0.35 0.2296875
4 0.503125 0.8265625 0.128125 0.053125
2 0.43359375 0.86640625 0.0953125 0.0546875
2 0.4734375 0.9546875 0.10625 0.0875