4 0.73828125 0.653125 0.03671875 0.190625
4 0.64609375 0.70859375 0.03359375 0.21328125
4 0.68984375 0.6734375 0.04921875 0.17578125
4 0.10625 0.92109375 0.08125 0.15390625
4 0.14921875 0.86484375 0.05234375 0.1703125
4 0.16484375 0.96015625 0.04609375 0.07578125
2 0.41875 0.71484375 0.19375 0.1890625
1 0.68828125 0.35859375 0.62109375 0.71640625
2 0.265625 0.63125 0.0828125 0.140625
2 0.228125 0.5578125 0.05 0.0625
2 0.28671875 0.51015625 0.0390625 0.096875
1 0.13046875 0.27578125 0.2578125 0.3140625
4 0.459375 0.575 0.04609375 0.12421875
4 0.434375 0.5625 0.03203125 0.11875
4 0.48359375 0.56953125 0.02578125 0.11015625
4 0.02265625 0.8359375 0.0453125 0.315625