4 0.015625 0.6890625 0.03125 0.18125
4 0.94765625 0.61953125 0.034375 0.16484375
4 0.1671875 0.546875 0.021875 0.0984375
4 0.64921875 0.51953125 0.01640625 0.08359375
4 0.15546875 0.48984375 0.01015625 0.04609375
2 0.39140625 0.48828125 0.046875 0.05
2 0.7375 0.715625 0.21015625 0.2203125
2 0.53515625 0.540625 0.090625 0.10703125
2 0.8109375 0.6546875 0.16171875 0.16484375
2 0.48046875 0.515625 0.04375 0.0609375
2 0.25 0.49296875 0.0484375 0.06796875
1 0.4453125 0.221875 0.29921875 0.43828125
1 0.8078125 0.284375 0.3671875 0.56875