4 0.82421875 0.65 0.3203125 0.134375
4 0.5578125 0.10703125 0.190625 0.0671875
2 0.66484375 0.4 0.2046875 0.2125
2 0.51875 0.71328125 0.0328125 0.0265625
2 0.5984375 0.57734375 0.109375 0.08125
1 0.334375 0.2921875 0.66875 0.584375
1 0.33984375 0.92265625 0.5421875 0.1546875
1 0.34296875 0.74765625 0.4515625 0.3484375
4 0.9 0.4859375 0.2 0.08125
4 0.875 0.53671875 0.20625 0.1078125
4 0.765625 0.5421875 0.1171875 0.075
4 0.603125 0.2046875 0.1703125 0.0671875
4 0.57265625 0.16875 0.184375 0.0796875
4 0.52578125 0.4265625 0.0859375 0.0328125
4 0.5265625 0.40703125 0.1 0.04375
4 0.52734375 0.384375 0.1265625 0.0453125