4 0.7078125 0.6921875 0.0703125 0.19375
4 0.6078125 0.73046875 0.0703125 0.215625
4 0.65703125 0.70390625 0.0796875 0.18125
4 0.04609375 0.8453125 0.0921875 0.165625
4 0.09140625 0.7984375 0.08125 0.1765625
4 0.08984375 0.8953125 0.059375 0.08125
2 0.3828125 0.69765625 0.2234375 0.2203125
1 0.67109375 0.4 0.6578125 0.8
2 0.24609375 0.58828125 0.10625 0.153125
2 0.221875 0.509375 0.059375 0.0703125
2 0.28828125 0.47265625 0.0546875 0.1015625
1 0.175 0.21484375 0.3078125 0.3546875
4 0.446875 0.5671875 0.0671875 0.13125
4 0.42421875 0.55 0.0515625 0.121875
4 0.471875 0.565625 0.04375 0.1125
4 0.0109375 0.746875 0.021875 0.31875