4 0.16640625 0.37265625 0.321875 0.1546875
4 0.4703125 0.89609375 0.190625 0.078125
2 0.3421875 0.6109375 0.2140625 0.221875
2 0.46640625 0.28828125 0.034375 0.028125
2 0.39609375 0.4296875 0.1125 0.0875
1 0.66640625 0.690625 0.6671875 0.61875
1 0.6265625 0.08046875 0.54375 0.1609375
1 0.6390625 0.2421875 0.465625 0.371875
4 0.10078125 0.5421875 0.2015625 0.09375
4 0.1234375 0.4890625 0.209375 0.1203125
4 0.2328125 0.4765625 0.1203125 0.08125
4 0.4171875 0.8015625 0.1703125 0.078125
4 0.45078125 0.83515625 0.184375 0.0921875
4 0.4796875 0.575 0.0859375 0.0390625
4 0.4796875 0.59453125 0.1015625 0.05
4 0.48125 0.6171875 0.1265625 0.053125