1 0.8171875 0.46953125 0.365625 0.8890625
1 0.2515625 0.29765625 0.325 0.5953125
1 0.61953125 0.31328125 0.2375 0.4703125
4 0.7484375 0.58828125 0.053125 0.184375
4 0.35078125 0.7046875 0.134375 0.4265625
4 0.5953125 0.6140625 0.0765625 0.278125
4 0.559375 0.5953125 0.06875 0.228125
4 0.1078125 0.51953125 0.0421875 0.121875
4 0.51015625 0.65546875 0.0890625 0.2
4 0.625 0.58984375 0.0703125 0.2484375
4 0.30078125 0.6078125 0.0703125 0.1609375
4 0.6640625 0.6015625 0.0734375 0.2171875
1 0.425 0.22734375 0.271875 0.4546875
4 0.471875 0.63984375 0.0578125 0.19375