1 0.21484375 0.59296875 0.4296875 0.8140625
1 0.44921875 0.7171875 0.278125 0.4796875
4 0.2390625 0.49765625 0.0625 0.1859375
4 0.58125 0.2453125 0.171875 0.3890625
4 0.309375 0.42265625 0.1171875 0.2953125
4 0.38125 0.4171875 0.1265625 0.3109375
4 0.86796875 0.353125 0.0484375 0.121875
4 0.4453125 0.35625 0.0921875 0.2
4 0.84765625 0.35 0.040625 0.10625
4 0.77578125 0.3484375 0.04375 0.1
4 0.6578125 0.3296875 0.0765625 0.165625
4 0.49453125 0.3390625 0.1046875 0.1875
1 0.82890625 0.66796875 0.3234375 0.5015625
1 0.67890625 0.7390625 0.259375 0.475