4 0.6578125 0.878125 0.565625 0.203125
4 0.6453125 0.9421875 0.55 0.115625
4 0.71953125 0.521875 0.5609375 0.346875
4 0.52734375 0.6640625 0.1171875 0.046875
4 0.48671875 0.53359375 0.065625 0.0359375
4 0.675 0.928125 0.3703125 0.11875
4 0.5296875 0.61484375 0.121875 0.0515625
4 0.515625 0.7859375 0.0890625 0.0484375
4 0.5921875 0.42734375 0.0796875 0.0328125
4 0.6 0.1578125 0.0875 0.0359375
1 0.1734375 0.8125 0.346875 0.321875
1 0.2390625 0.6375 0.303125 0.1921875
1 0.2234375 0.55078125 0.446875 0.2984375