4 0.90078125 0.30234375 0.153125 0.553125
4 0.40390625 0.26796875 0.2609375 0.5359375
4 0.26640625 0.465625 0.028125 0.0953125
4 0.48828125 0.44296875 0.0390625 0.1375
4 0.52265625 0.5 0.0390625 0.075
4 0.6125 0.45703125 0.0390625 0.1171875
4 0.675 0.4546875 0.0359375 0.1171875
4 0.6484375 0.4625 0.03125 0.115625
4 0.8171875 0.26875 0.128125 0.3359375
4 0.15 0.43515625 0.028125 0.0859375
4 0.96015625 0.3984375 0.075 0.1828125
1 0.84921875 0.78515625 0.2890625 0.4296875
1 0.66640625 0.70859375 0.1515625 0.4015625
1 0.559375 0.76171875 0.24375 0.434375