1 0.278125 0.8171875 0.55625 0.365625
1 0.2578125 0.5328125 0.515625 0.30625
4 0.4890625 0.9328125 0.1828125 0.05
4 0.4921875 0.7875 0.146875 0.0328125
4 0.54140625 0.51171875 0.1515625 0.0390625
4 0.59140625 0.603125 0.353125 0.0984375
4 0.57734375 0.65546875 0.34375 0.0765625
4 0.5796875 0.56640625 0.2140625 0.0453125
4 0.48671875 0.2796875 0.0578125 0.01875
4 0.51953125 0.38828125 0.071875 0.0203125
4 0.50234375 0.4453125 0.1390625 0.0375
4 0.44609375 0.6890625 0.0796875 0.01875
4 0.48671875 0.17265625 0.0515625 0.01875