1 0.58984375 0.79453125 0.8203125 0.4109375
1 0.6421875 0.19609375 0.6484375 0.3546875
1 0.71328125 0.56015625 0.4765625 0.2609375
4 0.48828125 0.76328125 0.184375 0.0625
4 0.2609375 0.4171875 0.4265625 0.15625
4 0.41875 0.62421875 0.278125 0.090625
4 0.42578125 0.584375 0.2296875 0.08125
4 0.36640625 0.13046875 0.121875 0.0484375
4 0.35390625 0.5546875 0.2015625 0.0984375
4 0.45 0.64609375 0.2484375 0.0828125
4 0.3390625 0.34140625 0.1625 0.078125
4 0.45078125 0.6859375 0.2171875 0.084375
1 0.75 0.34609375 0.4859375 0.29375
4 0.3578125 0.5140625 0.19375 0.0671875