1 0.83828125 0.42890625 0.3203125 0.8578125
1 0.59453125 0.29765625 0.18828125 0.44921875
4 0.7546875 0.55625 0.02578125 0.18359375
4 0.36796875 0.73203125 0.09453125 0.37890625
4 0.6703125 0.615625 0.05703125 0.2890625
4 0.59921875 0.60546875 0.0640625 0.3046875
4 0.109375 0.5671875 0.02421875 0.11953125
4 0.5234375 0.6515625 0.05390625 0.19453125
4 0.12890625 0.57421875 0.01953125 0.10390625
4 0.1984375 0.590625 0.0234375 0.09609375
4 0.31015625 0.63359375 0.04296875 0.159375
4 0.471875 0.65859375 0.06875 0.1765625
1 0.21328125 0.2671875 0.23046875 0.46328125
1 0.375 0.22890625 0.16875 0.45078125