1 0.8390625 0.428125 0.31953125 0.85546875
1 0.22578125 0.30703125 0.2515625 0.6140625
1 0.59609375 0.3 0.18515625 0.4515625
4 0.75703125 0.55703125 0.03125 0.18203125
4 0.3765625 0.72109375 0.08359375 0.41796875
4 0.60859375 0.6015625 0.04375 0.27421875
4 0.5703125 0.5875 0.0421875 0.225
4 0.11328125 0.5671875 0.02734375 0.11953125
4 0.52890625 0.653125 0.06640625 0.19375
4 0.63515625 0.57421875 0.04140625 0.2453125
4 0.315625 0.63125 0.0515625 0.15703125
4 0.675 0.58046875 0.0484375 0.21171875
1 0.39140625 0.22734375 0.21953125 0.4546875
4 0.4890625 0.6421875 0.03515625 0.190625