1 0.29765625 0.24375 0.5390625 0.3171875
1 0.3640625 0.0984375 0.5875 0.196875
1 0.2625 0.82890625 0.525 0.3421875
4 0.640625 0.13984375 0.41875 0.165625
4 0.64921875 0.08984375 0.3828125 0.1796875
4 0.5015625 0.72890625 0.28125 0.1109375
4 0.50703125 0.23359375 0.1171875 0.04375
4 0.4890625 0.33515625 0.0921875 0.0359375
4 0.46875 0.3796875 0.08125 0.03125
4 0.48828125 0.30625 0.1078125 0.0390625
4 0.50234375 0.66796875 0.2546875 0.09375
4 0.49453125 0.49921875 0.1015625 0.0703125
4 0.52109375 0.18046875 0.10625 0.034375