1 0.8375 0.42890625 0.32265625 0.85703125
1 0.5875 0.296875 0.19921875 0.4453125
1 0.22421875 0.30546875 0.253125 0.609375
4 0.28359375 0.67421875 0.07890625 0.3140625
4 0.67734375 0.628125 0.03828125 0.31640625
4 0.09375 0.5671875 0.02265625 0.11953125
4 0.18046875 0.58671875 0.021875 0.0859375
4 0.628125 0.62734375 0.078125 0.3734375
4 0.7515625 0.55546875 0.02734375 0.18359375
4 0.48671875 0.65546875 0.0515625 0.1796875
4 0.53671875 0.64375 0.05859375 0.19296875
1 0.39921875 0.2359375 0.140625 0.465625