4 0.1546875 0.72109375 0.1078125 0.5546875
4 0.05078125 0.72734375 0.10078125 0.54140625
4 0.5171875 0.728125 0.25703125 0.54140625
4 0.34296875 0.55546875 0.028125 0.1140625
4 0.46484375 0.49296875 0.025 0.06171875
4 0.10859375 0.746875 0.05546875 0.365625
4 0.3921875 0.54921875 0.03203125 0.11796875
4 0.22109375 0.56484375 0.03359375 0.08359375
4 0.5875 0.578125 0.01953125 0.078125
4 0.8546875 0.5390625 0.02265625 0.084375
1 0.12890625 0.19375 0.2578125 0.3875
1 0.31953125 0.2671875 0.1453125 0.2828125
1 0.4015625 0.23203125 0.22734375 0.425