1 0.8375 0.42890625 0.3234375 0.85703125
1 0.5859375 0.29921875 0.20078125 0.45
1 0.2234375 0.3046875 0.25390625 0.609375
4 0.7375 0.55703125 0.0546875 0.17890625
4 0.64453125 0.64375 0.10859375 0.40859375
4 0.29765625 0.67421875 0.09375 0.303125
4 0.60546875 0.60703125 0.05078125 0.275
4 0.09375 0.56640625 0.02265625 0.11875
4 0.1796875 0.5859375 0.02421875 0.0859375
1 0.41015625 0.2734375 0.17109375 0.5078125
4 0.36953125 0.64453125 0.0375 0.1390625
4 0.47890625 0.640625 0.05390625 0.17265625
4 0.528125 0.628125 0.0546875 0.17578125