1 0.16484375 0.284375 0.3296875 0.56875
1 0.44921875 0.25625 0.271875 0.509375
4 0.0671875 0.51953125 0.03671875 0.18046875
4 0.2125 0.5125 0.0234375 0.1453125
4 0.49140625 0.5421875 0.02890625 0.15078125
4 0.403125 0.5984375 0.07421875 0.3484375
4 0.35 0.58828125 0.05234375 0.33984375
4 0.4390625 0.584375 0.03203125 0.21328125
4 0.71875 0.47109375 0.01640625 0.05625
4 0.6125 0.51171875 0.01484375 0.0703125
4 0.5546875 0.4984375 0.02734375 0.13671875
4 0.3078125 0.459375 0.0140625 0.07890625
4 0.82578125 0.4640625 0.01640625 0.05078125