4 0.1140625 0.725 0.11640625 0.54609375
4 0.6125 0.73125 0.22265625 0.53515625
4 0.73515625 0.51796875 0.02109375 0.09375
4 0.515625 0.55625 0.0296875 0.1359375
4 0.47734375 0.5015625 0.03359375 0.0734375
4 0.390625 0.55078125 0.03046875 0.115625
4 0.32890625 0.55703125 0.028125 0.11484375
4 0.3546875 0.54765625 0.0234375 0.1140625
4 0.2 0.753125 0.10390625 0.3296875
4 0.85390625 0.540625 0.02109375 0.084375
4 0.0484375 0.63359375 0.06171875 0.17890625
1 0.13046875 0.22578125 0.26015625 0.43984375
1 0.31953125 0.30390625 0.125 0.39375
1 0.42265625 0.24296875 0.21484375 0.4203125