1 0.49296875 0.7953125 0.9078125 0.409375
1 0.6765625 0.62890625 0.484375 0.296875
1 0.71328125 0.2734375 0.5734375 0.384375
4 0.390625 0.71875 0.1859375 0.09375
4 0.32734375 0.60859375 0.4234375 0.1984375
4 0.37578125 0.26328125 0.3171875 0.159375
4 0.371875 0.57890625 0.2796875 0.1109375
4 0.5265625 0.0890625 0.1203125 0.0484375
4 0.48828125 0.16875 0.0890625 0.04375
1 0.73671875 0.4625 0.5265625 0.28125
4 0.38828125 0.340625 0.14375 0.0671875
4 0.36796875 0.44765625 0.1796875 0.090625
4 0.36875 0.4984375 0.1828125 0.0921875