1 0.909375 0.27421875 0.17890625 0.5484375
4 0.06640625 0.58203125 0.11015625 0.42421875
4 0.59375 0.65234375 0.11015625 0.56953125
4 0.68046875 0.51484375 0.03828125 0.24296875
4 0.49609375 0.6328125 0.07421875 0.48984375
4 0.4390625 0.5078125 0.03671875 0.196875
4 0.75 0.45625 0.021875 0.1015625
4 0.91015625 0.58125 0.11484375 0.4109375
4 0.634375 0.4609375 0.021875 0.0953125
4 0.94609375 0.628125 0.10703125 0.478125
1 0.1515625 0.17890625 0.24921875 0.3015625
1 0.31796875 0.2546875 0.09609375 0.2953125