1 0.42890625 0.165625 0.8578125 0.33125
1 0.3 0.41171875 0.4578125 0.1984375
1 0.3109375 0.77890625 0.6171875 0.265625
4 0.553125 0.24375 0.18125 0.0328125
4 0.73671875 0.64765625 0.3828125 0.0796875
4 0.59140625 0.3734375 0.2890625 0.059375
4 0.6 0.3203125 0.259375 0.0515625
4 0.65234375 0.47421875 0.196875 0.06875
4 0.57734375 0.41875 0.20625 0.03125
4 0.59140625 0.4453125 0.2453125 0.0421875
4 0.6015625 0.75078125 0.084375 0.0328125
4 0.63125 0.5109375 0.1453125 0.0515625
1 0.25078125 0.63671875 0.4921875 0.2484375