1 0.71484375 0.246875 0.2234375 0.49375
4 0.85703125 0.57421875 0.1078125 0.37890625
4 0.76796875 0.68046875 0.12265625 0.6359375
4 0.6546875 0.659375 0.08515625 0.5453125
4 0.35234375 0.52578125 0.04453125 0.25078125
4 0.05703125 0.68984375 0.11328125 0.61640625
4 0.42890625 0.5359375 0.05078125 0.265625
4 0.46015625 0.51640625 0.04453125 0.28046875
4 0.49375 0.515625 0.05703125 0.22890625
4 0.71953125 0.628125 0.05546875 0.5046875
1 0.13515625 0.16875 0.22578125 0.3125
1 0.334375 0.2625 0.12578125 0.2734375