1 0.83828125 0.428125 0.321875 0.85546875
1 0.5921875 0.296875 0.1890625 0.44453125
4 0.32578125 0.71796875 0.08125 0.3953125
4 0.753125 0.55625 0.02578125 0.184375
4 0.6171875 0.62890625 0.0765625 0.3609375
4 0.67578125 0.628125 0.04609375 0.31796875
4 0.1 0.56875 0.0265625 0.11796875
4 0.5859375 0.59140625 0.03671875 0.2484375
4 0.5234375 0.653125 0.05078125 0.19375
4 0.17578125 0.5890625 0.01953125 0.08203125
1 0.22578125 0.2453125 0.25234375 0.48046875
1 0.37421875 0.22421875 0.18828125 0.428125
4 0.48046875 0.64375 0.059375 0.21171875