1 0.51875 0.8109375 0.89375 0.378125
1 0.68203125 0.62421875 0.4828125 0.259375
1 0.70546875 0.259375 0.5890625 0.34375
4 0.40625 0.73203125 0.1859375 0.06875
4 0.2609375 0.54453125 0.4890625 0.1453125
4 0.36171875 0.64921875 0.3171875 0.1078125
4 0.3984375 0.62109375 0.234375 0.090625
4 0.49453125 0.1078125 0.121875 0.046875
4 0.4 0.296875 0.1578125 0.0703125
4 0.4109375 0.69609375 0.146875 0.0484375
4 0.4984375 0.19140625 0.1546875 0.0671875
4 0.403125 0.35625 0.1796875 0.0953125
4 0.3625 0.46796875 0.1609375 0.0890625