1 0.83984375 0.428125 0.31875 0.85546875
1 0.22734375 0.30859375 0.2484375 0.6171875
1 0.5984375 0.2953125 0.18515625 0.44609375
4 0.48359375 0.72421875 0.06328125 0.45703125
4 0.75390625 0.55703125 0.02890625 0.18046875
4 0.60234375 0.5859375 0.05625 0.23046875
4 0.5359375 0.63203125 0.05546875 0.1515625
4 0.70703125 0.55390625 0.02734375 0.134375
4 0.11328125 0.56640625 0.02734375 0.11953125
4 0.65546875 0.603125 0.053125 0.29453125
4 0.678125 0.54140625 0.03046875 0.16015625
4 0.378125 0.6234375 0.0390625 0.203125
1 0.375 0.2453125 0.18984375 0.47109375