1 0.78046875 0.73671875 0.4390625 0.5265625
1 0.49921875 0.7328125 0.3734375 0.534375
4 0.95 0.5734375 0.078125 0.190625
4 0.50546875 0.465625 0.059375 0.1421875
4 0.646875 0.45078125 0.11875 0.3265625
4 0.5953125 0.42734375 0.1296875 0.3359375
4 0.3671875 0.46875 0.03125 0.065625
4 0.2734375 0.48046875 0.025 0.0609375
4 0.1671875 0.4640625 0.0265625 0.0546875
4 0.5609375 0.42890625 0.0703125 0.2109375
4 0.6796875 0.5796875 0.028125 0.08125
4 0.42734375 0.4859375 0.0484375 0.1296875
4 0.6671875 0.52578125 0.0484375 0.0890625
4 0.51015625 0.53125 0.04375 0.1078125