1 0.8 0.49921875 0.4 0.9046875
1 0.63203125 0.3203125 0.2765625 0.4734375
4 0.284375 0.67734375 0.1609375 0.403125
4 0.7359375 0.6078125 0.0625 0.1859375
4 0.5875 0.65078125 0.15 0.36875
4 0.6453125 0.66171875 0.1125 0.321875
4 0.09453125 0.484375 0.05 0.121875
4 0.56484375 0.60703125 0.0890625 0.2515625
4 0.49140625 0.6546875 0.0890625 0.2
4 0.1640625 0.51953125 0.0359375 0.0828125
1 0.284375 0.22734375 0.346875 0.4546875
1 0.434375 0.21640625 0.271875 0.4328125
4 0.45078125 0.63671875 0.1015625 0.2203125