1 0.42109375 0.17890625 0.8421875 0.3578125
1 0.290625 0.421875 0.45625 0.2203125
4 0.7296875 0.65859375 0.4 0.109375
4 0.53828125 0.24375 0.1859375 0.0375
4 0.6203125 0.37421875 0.365625 0.1015625
4 0.615625 0.315625 0.321875 0.06875
4 0.596875 0.89453125 0.1203125 0.034375
4 0.58515625 0.4078125 0.25 0.0546875
4 0.65078125 0.465625 0.196875 0.0640625
4 0.61171875 0.8171875 0.0828125 0.025
1 0.26484375 0.79140625 0.4984375 0.2859375
1 0.23359375 0.64453125 0.440625 0.21875
4 0.64453125 0.509375 0.215625 0.0734375