4 0.67890625 0.73046875 0.15390625 0.5359375
4 0.75078125 0.515625 0.01484375 0.08671875
4 0.56640625 0.57578125 0.01640625 0.0796875
4 0.38984375 0.55 0.03359375 0.11640625
4 0.5046875 0.5421875 0.03515625 0.1640625
4 0.72890625 0.50859375 0.01484375 0.06953125
4 0.33125 0.55078125 0.02421875 0.1109375
4 0.85390625 0.5390625 0.02265625 0.084375
4 0.8078125 0.51875 0.01953125 0.084375
1 0.13828125 0.21015625 0.2765625 0.4203125
1 0.31875 0.2625 0.1375 0.32890625
1 0.4234375 0.22265625 0.21328125 0.42109375