1 0.83984375 0.42734375 0.31796875 0.8546875
1 0.59453125 0.30078125 0.190625 0.459375
1 0.22578125 0.30703125 0.2515625 0.6140625
4 0.74375 0.55625 0.03984375 0.18125
4 0.58125 0.72890625 0.0703125 0.48359375
4 0.66875 0.61328125 0.05859375 0.31328125
4 0.63515625 0.58125 0.05546875 0.228125
4 0.11328125 0.56640625 0.02734375 0.11953125
4 0.31484375 0.63046875 0.04765625 0.153125
4 0.7078125 0.55703125 0.0265625 0.14375
4 0.1953125 0.55 0.04296875 0.14921875
4 0.3734375 0.61796875 0.06875 0.1703125
4 0.48984375 0.640625 0.06484375 0.15390625