4 0.23046875 0.184375 0.4609375 0.253125
4 0.30546875 0.66875 0.5734375 0.353125
4 0.54375 0.73203125 0.096875 0.0453125
4 0.45 0.5296875 0.1390625 0.0640625
4 0.49296875 0.47890625 0.0796875 0.0515625
4 0.42265625 0.4078125 0.1203125 0.059375
4 0.40078125 0.34921875 0.11875 0.0578125
4 0.41640625 0.371875 0.115625 0.0515625
4 0.178125 0.27578125 0.3453125 0.184375
4 0.55234375 0.85234375 0.0875 0.0421875
4 0.25390625 0.0984375 0.1875 0.10625
1 0.66953125 0.1265625 0.4921875 0.253125
1 0.64296875 0.275 0.4125 0.221875
1 0.728125 0.35859375 0.4625 0.3171875