1 0.71328125 0.25234375 0.225 0.5046875
1 0.91015625 0.28203125 0.17734375 0.5640625
1 0.121875 0.29296875 0.24375 0.565625
4 0.88046875 0.56953125 0.0890625 0.40859375
4 0.93671875 0.56796875 0.12421875 0.36484375
4 0.27578125 0.5453125 0.06015625 0.27421875
4 0.76328125 0.45625 0.02265625 0.115625
4 0.659375 0.4578125 0.01796875 0.08984375
4 0.61171875 0.44609375 0.015625 0.0796875
4 0.68828125 0.4515625 0.01796875 0.10625
4 0.3359375 0.534375 0.04765625 0.24921875
4 0.5 0.49453125 0.05234375 0.09453125
4 0.81796875 0.459375 0.0140625 0.10546875