1 0.83984375 0.42734375 0.31875 0.8546875
1 0.228125 0.309375 0.24921875 0.61796875
1 0.59765625 0.3015625 0.18828125 0.45859375
4 0.7578125 0.55625 0.02890625 0.184375
4 0.41875 0.73125 0.09296875 0.4359375
4 0.1140625 0.5671875 0.02734375 0.11953125
1 0.3890625 0.21953125 0.2125 0.428125
4 0.4859375 0.6484375 0.046875 0.23046875
4 0.540625 0.63984375 0.05 0.2359375
4 0.578125 0.59921875 0.03359375 0.3171875
4 0.6421875 0.60390625 0.04453125 0.34453125
4 0.7078125 0.5421875 0.03671875 0.15234375