1 0.42421875 0.26484375 0.3234375 0.5296875
1 0.16875 0.315625 0.3375 0.590625
4 0.0265625 0.571875 0.053125 0.190625
4 0.3375 0.5390625 0.0484375 0.1125
4 0.5171875 0.53203125 0.0484375 0.134375
4 0.38984375 0.59140625 0.0890625 0.3234375
4 0.44609375 0.58515625 0.1 0.315625
4 0.83515625 0.43125 0.025 0.05625
4 0.5953125 0.484375 0.046875 0.13125
4 0.48046875 0.571875 0.0546875 0.196875
4 0.72265625 0.44609375 0.021875 0.0578125
4 0.6578125 0.48046875 0.021875 0.0609375
4 0.3046875 0.48046875 0.021875 0.08125