1 0.45 0.25703125 0.27109375 0.51015625
1 0.165625 0.28046875 0.3296875 0.56015625
4 0.02109375 0.521875 0.03671875 0.18671875
4 0.334375 0.521875 0.03671875 0.10859375
4 0.5140625 0.53359375 0.03359375 0.13125
4 0.38046875 0.5796875 0.05703125 0.31875
4 0.4375 0.57890625 0.06953125 0.30859375
4 0.840625 0.46640625 0.01796875 0.0546875
4 0.59609375 0.49453125 0.03359375 0.12890625
4 0.4734375 0.56953125 0.03359375 0.19296875
4 0.72734375 0.46953125 0.015625 0.05703125
4 0.659375 0.496875 0.01484375 0.059375
4 0.3078125 0.46015625 0.0140625 0.0796875