1 0.484375 0.26171875 0.340625 0.5234375
1 0.20078125 0.26796875 0.4015625 0.5359375
4 0.0265625 0.4546875 0.053125 0.190625
4 0.3328125 0.4984375 0.053125 0.1140625
4 0.509375 0.53515625 0.0515625 0.134375
4 0.3703125 0.5625 0.1 0.3234375
4 0.42734375 0.56953125 0.1109375 0.315625
4 0.8421875 0.5140625 0.0265625 0.05625
4 0.59609375 0.5078125 0.0515625 0.13125
4 0.4640625 0.56484375 0.0609375 0.196875
4 0.7296875 0.5015625 0.0234375 0.0578125
4 0.65859375 0.51875 0.0234375 0.0609375
4 0.31484375 0.43359375 0.025 0.08125