1 0.83828125 0.43046875 0.321875 0.8609375
1 0.59140625 0.3015625 0.19140625 0.4546875
1 0.22421875 0.30625 0.25390625 0.61171875
4 0.75546875 0.5578125 0.0296875 0.18046875
4 0.3484375 0.734375 0.07265625 0.38203125
4 0.625 0.59375 0.0546875 0.28671875
4 0.678125 0.603125 0.04609375 0.259375
4 0.5234375 0.653125 0.065625 0.1953125
4 0.5796875 0.57890625 0.02890625 0.20625
4 0.553125 0.5921875 0.03828125 0.2453125
4 0.24765625 0.596875 0.03046875 0.08359375
4 0.48671875 0.63125 0.0484375 0.14453125
1 0.36796875 0.2484375 0.23984375 0.48671875