1 0.5109375 0.2046875 0.90625 0.409375
1 0.3296875 0.36015625 0.4921875 0.296875
1 0.28671875 0.71953125 0.5734375 0.3921875
4 0.61328125 0.27734375 0.1859375 0.0828125
4 0.74140625 0.4765625 0.4875 0.1859375
4 0.65078125 0.36328125 0.3171875 0.1328125
4 0.61171875 0.38828125 0.234375 0.109375
4 0.47109375 0.89140625 0.121875 0.05625
4 0.58203125 0.7109375 0.159375 0.0828125
4 0.60546875 0.3125 0.1453125 0.0609375
4 0.475 0.8078125 0.15625 0.078125
4 0.58359375 0.6515625 0.18125 0.1078125
4 0.634375 0.54375 0.1640625 0.1