1 0.165625 0.28125 0.33046875 0.56171875
1 0.45 0.259375 0.271875 0.51484375
4 0.04453125 0.521875 0.03984375 0.1859375
4 0.5015625 0.53515625 0.03046875 0.1390625
4 0.36640625 0.57890625 0.053125 0.321875
4 0.421875 0.590625 0.06171875 0.3296875
4 0.63671875 0.503125 0.01796875 0.06328125
4 0.72578125 0.471875 0.01171875 0.05859375
4 0.8328125 0.465625 0.01640625 0.053125
4 0.45546875 0.58203125 0.02890625 0.21015625
4 0.3078125 0.459375 0.01328125 0.0796875
4 0.57421875 0.4984375 0.02265625 0.12890625
4 0.33125 0.509375 0.03046875 0.08515625
4 0.48359375 0.471875 0.02265625 0.10546875