4 0.14375 0.70234375 0.1359375 0.559375
4 0.0515625 0.70390625 0.103125 0.5453125
4 0.5046875 0.72578125 0.284375 0.5484375
4 0.340625 0.546875 0.034375 0.115625
4 0.465625 0.49140625 0.028125 0.0640625
4 0.09609375 0.72578125 0.075 0.36875
4 0.38984375 0.54375 0.0375 0.1203125
4 0.21796875 0.55 0.0390625 0.0859375
4 0.58359375 0.5828125 0.0234375 0.0796875
4 0.85234375 0.5578125 0.0265625 0.0859375
1 0.1453125 0.1875 0.278125 0.375
1 0.33203125 0.2578125 0.159375 0.290625
1 0.415625 0.22734375 0.25 0.4359375