1 0.4234375 0.17890625 0.846875 0.3578125
1 0.2953125 0.42265625 0.4671875 0.221875
1 0.32578125 0.78828125 0.628125 0.296875
4 0.53984375 0.24140625 0.1828125 0.0421875
4 0.74453125 0.63515625 0.3859375 0.1
4 0.58515625 0.36875 0.290625 0.075
4 0.590625 0.31484375 0.2625 0.065625
4 0.65078125 0.465625 0.2 0.0796875
4 0.5734375 0.41484375 0.2078125 0.0421875
4 0.58828125 0.440625 0.246875 0.0546875
4 0.6140625 0.7453125 0.0859375 0.0375
4 0.63203125 0.50390625 0.146875 0.0578125
1 0.25859375 0.64921875 0.503125 0.2734375