1 0.76015625 0.646875 0.4796875 0.340625
1 0.7578125 0.8453125 0.484375 0.309375
1 0.60859375 0.134375 0.6078125 0.26875
4 0.52421875 0.8859375 0.41875 0.1859375
4 0.5390625 0.9171875 0.384375 0.165625
4 0.4015625 0.29375 0.28125 0.1234375
4 0.60625 0.74453125 0.1171875 0.0484375
4 0.5796875 0.64453125 0.0921875 0.040625
4 0.5796875 0.5953125 0.08125 0.034375
4 0.5921875 0.67109375 0.1078125 0.04375
4 0.42734375 0.34921875 0.2546875 0.10625
4 0.50546875 0.4984375 0.103125 0.075
4 0.61640625 0.7984375 0.10625 0.0390625