1 0.709375 0.2515625 0.23125 0.503125
1 0.91015625 0.28359375 0.178125 0.56640625
4 0.6109375 0.65390625 0.10234375 0.57578125
4 0.1328125 0.56796875 0.09765625 0.328125
4 0.37265625 0.534375 0.08203125 0.31171875
4 0.29609375 0.54140625 0.075 0.2734375
4 0.2328125 0.5609375 0.0484375 0.303125
4 0.54453125 0.62890625 0.059375 0.4765625
4 0.65546875 0.45546875 0.01796875 0.08359375
4 0.68828125 0.45078125 0.01796875 0.10625
1 0.12734375 0.17109375 0.23046875 0.3265625
1 0.3234375 0.2828125 0.09609375 0.23984375