1 0.72578125 0.1875 0.5484375 0.375
1 0.7375 0.4703125 0.525 0.315625
4 0.51796875 0.04453125 0.1890625 0.05625
4 0.46484375 0.4984375 0.140625 0.04375
4 0.4328125 0.36015625 0.325 0.08125
4 0.41640625 0.4140625 0.334375 0.090625
4 0.48515625 0.6359375 0.0640625 0.0234375
4 0.50859375 0.72734375 0.0609375 0.0171875
4 0.50546875 0.834375 0.0546875 0.0203125
4 0.421875 0.4484375 0.2109375 0.046875
4 0.55703125 0.31171875 0.08125 0.01875
4 0.4953125 0.57421875 0.1296875 0.0328125
4 0.50546875 0.33125 0.0875 0.0390625
4 0.5296875 0.4859375 0.1078125 0.03125