1 0.81328125 0.4171875 0.3734375 0.834375
1 0.20859375 0.33828125 0.3109375 0.6390625
1 0.5765625 0.2859375 0.2296875 0.4640625
4 0.50703125 0.725 0.109375 0.4609375
4 0.75859375 0.53046875 0.046875 0.1828125
4 0.6109375 0.575 0.0796875 0.2359375
4 0.54921875 0.62734375 0.071875 0.15625
4 0.71171875 0.53203125 0.0421875 0.1359375
4 0.12265625 0.60625 0.040625 0.1203125
4 0.665625 0.5859375 0.0828125 0.2984375
4 0.68125 0.52265625 0.0484375 0.1625
4 0.39140625 0.63515625 0.059375 0.20625
1 0.34921875 0.26015625 0.2390625 0.4890625