1 0.18203125 0.52890625 0.3640625 0.8890625
1 0.746875 0.70078125 0.321875 0.5984375
1 0.37734375 0.69140625 0.2390625 0.465625
4 0.54375 0.2796875 0.11875 0.4609375
4 0.2546875 0.4125 0.05 0.1828125
4 0.40859375 0.40234375 0.084375 0.2359375
4 0.48046875 0.36484375 0.075 0.1578125
4 0.30078125 0.42109375 0.04375 0.1375
4 0.8921875 0.48125 0.0421875 0.121875
4 0.35859375 0.37890625 0.0890625 0.2984375
4 0.328125 0.4375 0.05 0.1625
4 0.6359375 0.3921875 0.0640625 0.20625
1 0.5921875 0.7609375 0.246875 0.478125