1 0.7984375 0.4125 0.403125 0.825
1 0.56171875 0.28515625 0.25625 0.4734375
4 0.76015625 0.515625 0.053125 0.1859375
4 0.40625 0.75 0.1515625 0.3875
4 0.6859375 0.5875 0.1 0.29375
4 0.61484375 0.58828125 0.1109375 0.3109375
4 0.125 0.62734375 0.04375 0.121875
4 0.546875 0.64609375 0.0828125 0.2
4 0.1453125 0.63125 0.034375 0.1046875
4 0.21640625 0.63671875 0.0390625 0.1
4 0.33359375 0.66171875 0.06875 0.1640625
4 0.496875 0.6609375 0.0953125 0.184375
1 0.18046875 0.31484375 0.3 0.49375
1 0.334375 0.2515625 0.2375 0.4703125