1 0.4578125 0.178125 0.88125 0.35625
1 0.3078125 0.396875 0.465625 0.2390625
1 0.29765625 0.7578125 0.5953125 0.30625
4 0.57734375 0.26875 0.1828125 0.0703125
4 0.65546875 0.36875 0.4171875 0.1453125
4 0.65625 0.71640625 0.309375 0.1203125
4 0.615625 0.40390625 0.278125 0.0734375
4 0.53046875 0.91015625 0.1203125 0.0328125
4 0.5578125 0.8265625 0.0875 0.0328125
1 0.26640625 0.56953125 0.5203125 0.215625
4 0.6328125 0.6421875 0.1421875 0.05
4 0.63828125 0.53359375 0.1765625 0.0671875
4 0.63046875 0.4828125 0.1796875 0.0703125