4 0.653125 0.73359375 0.1828125 0.5296875
4 0.7453125 0.5171875 0.01875 0.08984375
4 0.06484375 0.72734375 0.10703125 0.54140625
4 0.5765625 0.57578125 0.01640625 0.078125
4 0.390625 0.55078125 0.03046875 0.11484375
4 0.3203125 0.5578125 0.02578125 0.11171875
4 0.81015625 0.51640625 0.021875 0.08125
4 0.85390625 0.53984375 0.02265625 0.08359375
4 0.3421875 0.55078125 0.0203125 0.11171875
1 0.12421875 0.2 0.24453125 0.4
1 0.31171875 0.26640625 0.1359375 0.34609375
1 0.41640625 0.2203125 0.2296875 0.440625