4 0.728125 0.65234375 0.1921875 0.384375
4 0.4953125 0.67265625 0.2359375 0.6
4 0.43125 0.61015625 0.18125 0.4578125
4 0.86640625 0.6375 0.1359375 0.31875
1 0.76953125 0.31640625 0.3453125 0.546875
1 0.89453125 0.396875 0.2109375 0.59375
1 0.19140625 0.25390625 0.3828125 0.5078125
4 0.2265625 0.409375 0.0578125 0.11875
4 0.2640625 0.39765625 0.04375 0.1015625
4 0.2890625 0.41171875 0.059375 0.1171875
4 0.375 0.453125 0.0703125 0.15625
4 0.3546875 0.40703125 0.0296875 0.0609375
4 0.34296875 0.4078125 0.021875 0.05
4 0.32578125 0.40234375 0.0171875 0.04375
4 0.315625 0.4015625 0.0171875 0.040625
1 0.40390625 0.23515625 0.240625 0.3