4 0.96640625 0.67421875 0.065625 0.6484375
4 0.82578125 0.68515625 0.125 0.6109375
4 0.9 0.66171875 0.1 0.56484375
1 0.71640625 0.25078125 0.21875 0.5015625
1 0.909375 0.24609375 0.178125 0.4921875
1 0.121875 0.29375 0.24375 0.56875
1 0.346875 0.28125 0.20703125 0.31171875
4 0.20859375 0.478125 0.02421875 0.1015625
4 0.2296875 0.47421875 0.0328125 0.12109375
4 0.29140625 0.459375 0.02265625 0.07421875
4 0.31171875 0.4625 0.0265625 0.0953125
4 0.353125 0.475 0.02421875 0.09765625
4 0.3796875 0.4640625 0.02578125 0.0921875
4 0.45859375 0.5046875 0.0453125 0.21796875
4 0.50859375 0.50625 0.0390625 0.2546875
4 0.56953125 0.53828125 0.05 0.21875
4 0.60546875 0.5125 0.0203125 0.18203125