4 0.5828125 0.6875 0.4328125 0.153125
4 0.4796875 0.3625 0.0890625 0.0328125
1 0.28828125 0.25 0.53125 0.2984375
1 0.34140625 0.0953125 0.5703125 0.190625
1 0.26640625 0.8390625 0.5328125 0.321875
4 0.53515625 0.5921875 0.3 0.121875
4 0.5265625 0.5453125 0.215625 0.0671875
4 0.49296875 0.51484375 0.2 0.0640625
4 0.45234375 0.484375 0.0953125 0.03125
4 0.45703125 0.46171875 0.096875 0.0390625
4 0.4875 0.3984375 0.115625 0.0421875
4 0.4609375 0.41171875 0.0828125 0.034375
1 0.23046875 0.6109375 0.3640625 0.2796875