4 0.35859375 0.6875 0.6171875 0.234375
4 0.4953125 0.73984375 0.3265625 0.1234375
4 0.38203125 0.60390625 0.49375 0.1609375
4 0.40078125 0.17734375 0.140625 0.06875
1 0.753125 0.6625 0.49375 0.31875
1 0.753125 0.86484375 0.49375 0.2703125
1 0.6375 0.12890625 0.596875 0.2578125
4 0.4671875 0.2140625 0.125 0.0640625
4 0.321875 0.409375 0.64375 0.353125
4 0.4515625 0.2921875 0.2421875 0.090625
4 0.45546875 0.359375 0.2265625 0.0734375
4 0.546875 0.521875 0.0953125 0.034375
1 0.7 0.28828125 0.340625 0.2203125