4 0.50859375 0.121875 0.409375 0.140625
4 0.496875 0.0734375 0.378125 0.146875
4 0.4328125 0.3484375 0.0953125 0.0328125
4 0.42890625 0.39921875 0.08125 0.028125
4 0.421875 0.321875 0.1078125 0.034375
4 0.415625 0.2484375 0.11875 0.0421875
1 0.26015625 0.13046875 0.5203125 0.2609375
1 0.24453125 0.32578125 0.4890625 0.2984375
1 0.3546875 0.871875 0.59375 0.25625
1 0.27734375 0.69609375 0.3078125 0.21875
4 0.55234375 0.72109375 0.24375 0.0921875
4 0.534375 0.659375 0.2421875 0.0828125
4 0.446875 0.42734375 0.115625 0.0421875
4 0.4453125 0.50703125 0.09375 0.0390625
4 0.43671875 0.471875 0.0859375 0.0328125