4 0.67734375 0.546875 0.075 0.259375
1 0.73359375 0.27265625 0.271875 0.5234375
1 0.90703125 0.31328125 0.1859375 0.5671875
1 0.23828125 0.2078125 0.4578125 0.415625
4 0.2109375 0.4484375 0.040625 0.1015625
4 0.2359375 0.44296875 0.0359375 0.1109375
4 0.29609375 0.44375 0.0265625 0.078125
4 0.31640625 0.4265625 0.0265625 0.0890625
4 0.33671875 0.453125 0.0171875 0.090625
4 0.35625 0.459375 0.0234375 0.0921875
4 0.38984375 0.44921875 0.0265625 0.0953125
4 0.55859375 0.49921875 0.065625 0.1796875
4 0.6078125 0.52421875 0.0515625 0.2953125
4 0.64296875 0.52890625 0.0515625 0.2328125