4 0.95234375 0.5984375 0.0953125 0.65
4 0.85078125 0.63203125 0.21875 0.6234375
4 0.91328125 0.596875 0.1734375 0.575
1 0.675 0.2421875 0.29375 0.484375
1 0.8640625 0.22109375 0.253125 0.4421875
1 0.1296875 0.3546875 0.259375 0.6
1 0.31484375 0.3078125 0.253125 0.340625
4 0.20859375 0.52421875 0.040625 0.1046875
4 0.22890625 0.5171875 0.0515625 0.125
4 0.2875 0.4921875 0.0328125 0.078125
4 0.3078125 0.4921875 0.040625 0.0984375
4 0.35078125 0.4984375 0.040625 0.1
4 0.37578125 0.48359375 0.0390625 0.0953125
4 0.46015625 0.5109375 0.0796875 0.2234375
4 0.509375 0.5046875 0.078125 0.2578125
4 0.575 0.5265625 0.084375 0.2234375
4 0.60625 0.49609375 0.0484375 0.1828125