4 0.74140625 0.51953125 0.04140625 0.26484375
4 0.49609375 0.628125 0.06953125 0.478125
4 0.56640625 0.6609375 0.08359375 0.58515625
4 0.8828125 0.60078125 0.090625 0.43125
4 0.02890625 0.7234375 0.05703125 0.1390625
4 0.84140625 0.55703125 0.065625 0.35546875
1 0.7125 0.2515625 0.221875 0.503125
1 0.909375 0.2703125 0.17890625 0.540625
1 0.32421875 0.26953125 0.1796875 0.26171875
1 0.12578125 0.2109375 0.2515625 0.421875
4 0.209375 0.48125 0.0296875 0.0875
4 0.2359375 0.4625 0.040625 0.08671875
4 0.271875 0.4609375 0.021875 0.08359375
4 0.41875 0.490625 0.03828125 0.146875
4 0.62265625 0.4609375 0.02109375 0.103125
4 0.36171875 0.47265625 0.03671875 0.0640625
4 0.39296875 0.47265625 0.0140625 0.06953125