4 0.3421875 0.828125 0.39375 0.1953125
4 0.3078125 0.6109375 0.553125 0.2140625
4 0.2921875 0.715625 0.584375 0.275
4 0.4234375 0.07578125 0.625 0.1515625
4 0.32109375 0.68671875 0.5046875 0.1859375
1 0.6921875 0.76875 0.5359375 0.3390625
1 0.640625 0.9046875 0.534375 0.190625
1 0.759375 0.18515625 0.48125 0.3640625
1 0.765625 0.39453125 0.3546875 0.28125
4 0.56875 0.25390625 0.134375 0.0796875
4 0.5359375 0.346875 0.2375 0.121875
4 0.4796875 0.415625 0.3078125 0.1171875
4 0.50625 0.465625 0.2734375 0.09375
4 0.47890625 0.48671875 0.2421875 0.090625
4 0.51640625 0.5890625 0.13125 0.05625
4 0.59140625 0.3203125 0.08125 0.040625
4 0.5921875 0.303125 0.071875 0.034375