4 0.7859375 0.62421875 0.25625 0.6125
4 0.41171875 0.54453125 0.1125 0.259375
4 0.11015625 0.653125 0.1234375 0.2484375
4 0.878125 0.58203125 0.24375 0.6703125
4 0.940625 0.49453125 0.11875 0.4828125
1 0.65390625 0.24140625 0.3296875 0.4828125
1 0.13125 0.38203125 0.2625 0.6046875
4 0.209375 0.54921875 0.06875 0.1328125
4 0.28359375 0.51328125 0.0359375 0.065625
4 0.3015625 0.5109375 0.046875 0.0890625
4 0.33125 0.4984375 0.0375 0.0859375
4 0.3453125 0.496875 0.0234375 0.065625
4 0.35234375 0.4890625 0.0265625 0.0671875
4 0.47578125 0.5140625 0.0875 0.253125
4 0.51875 0.53359375 0.0984375 0.2625
4 0.559375 0.503125 0.0703125 0.175
4 0.58125 0.44375 0.0578125 0.140625
1 0.27734375 0.2953125 0.2484375 0.3421875