4 0.64921875 0.0375 0.6515625 0.075
4 0.66796875 0.16484375 0.6171875 0.15625
4 0.640625 0.0921875 0.5703125 0.1296875
1 0.24765625 0.29609375 0.4953125 0.2453125
1 0.2375 0.1046875 0.475 0.203125
1 0.3140625 0.87578125 0.58125 0.2484375
1 0.28984375 0.6640625 0.3234375 0.2234375
4 0.49375 0.7921875 0.103125 0.0296875
4 0.48828125 0.77109375 0.1234375 0.0390625
4 0.4703125 0.71015625 0.0765625 0.025
4 0.47265625 0.68984375 0.096875 0.03125
4 0.4828125 0.64765625 0.0984375 0.0296875
4 0.4703125 0.621875 0.09375 0.0296875
4 0.50703125 0.54140625 0.2203125 0.05625
4 0.50546875 0.49140625 0.25625 0.0515625
4 0.534375 0.42890625 0.2203125 0.0609375
4 0.50703125 0.39375 0.1828125 0.0296875