4 0.75078125 0.68515625 0.125 0.6
4 0.40390625 0.5234375 0.05625 0.25390625
4 0.0859375 0.56171875 0.071875 0.2390625
4 0.8703125 0.66953125 0.140625 0.65703125
4 0.96171875 0.6015625 0.07421875 0.478125
1 0.715625 0.253125 0.22109375 0.50546875
1 0.11953125 0.2921875 0.2390625 0.565625
4 0.20546875 0.4828125 0.040625 0.1265625
4 0.2859375 0.4640625 0.02265625 0.06171875
4 0.30390625 0.465625 0.028125 0.084375
4 0.3359375 0.46015625 0.01796875 0.08359375
4 0.35 0.4625 0.009375 0.06640625
4 0.35859375 0.45625 0.01328125 0.06640625
4 0.4734375 0.50859375 0.03046875 0.253125
4 0.5109375 0.53671875 0.04140625 0.26015625
4 0.55703125 0.51640625 0.0328125 0.17265625
4 0.5921875 0.46328125 0.02890625 0.13828125
1 0.32890625 0.25078125 0.1828125 0.31015625