4 0.259375 0.5265625 0.090625 0.26875
4 0.4796875 0.3734375 0.1609375 0.4828125
4 0.40390625 0.3546875 0.19375 0.5890625
4 0.1046875 0.47421875 0.171875 0.440625
4 0.91953125 0.190625 0.08125 0.146875
4 0.15390625 0.509375 0.1328125 0.3625
1 0.33828125 0.7578125 0.3140625 0.484375
1 0.14140625 0.76015625 0.2796875 0.4796875
1 0.71640625 0.69296875 0.2265625 0.2921875
1 0.87890625 0.7125 0.2421875 0.4625
4 0.7890625 0.46328125 0.0453125 0.0921875
4 0.76640625 0.48671875 0.05625 0.09375
4 0.73125 0.49453125 0.0375 0.0875
4 0.58125 0.49375 0.0640625 0.1515625
4 0.38671875 0.56171875 0.040625 0.1046875
4 0.640625 0.50078125 0.0484375 0.0703125
4 0.61015625 0.50625 0.0265625 0.0703125