4 0.4015625 0.6484375 0.08203125 0.53671875
4 0.4796875 0.575 0.07578125 0.35390625
4 0.57109375 0.55859375 0.08203125 0.290625
1 0.7140625 0.253125 0.21953125 0.50546875
1 0.909375 0.2734375 0.17890625 0.54609375
1 0.12109375 0.29296875 0.2421875 0.5640625
4 0.33125 0.509375 0.0671875 0.18828125
4 0.27734375 0.47578125 0.01640625 0.1140625
4 0.259375 0.47578125 0.0125 0.0890625
4 0.24453125 0.4859375 0.0203125 0.0859375
4 0.62890625 0.4578125 0.0203125 0.103125
1 0.328125 0.26953125 0.21328125 0.3078125