4 0.46875 0.26015625 0.26875 0.0953125
4 0.62578125 0.47734375 0.48125 0.1671875
4 0.64375 0.4015625 0.5890625 0.2046875
4 0.51875 0.1046875 0.440625 0.178125
4 0.81640625 0.9140625 0.1484375 0.0859375
4 0.48515625 0.15390625 0.3625 0.1375
1 0.240625 0.34375 0.48125 0.321875
1 0.2359375 0.14765625 0.471875 0.2859375
1 0.3109375 0.71953125 0.29375 0.2296875
1 0.2953125 0.87890625 0.465625 0.2421875
4 0.5421875 0.78828125 0.0921875 0.046875
4 0.51796875 0.76640625 0.09375 0.0578125
4 0.509375 0.73125 0.0875 0.0390625
4 0.5078125 0.58125 0.1515625 0.0671875
4 0.4359375 0.38828125 0.1046875 0.0421875
4 0.50234375 0.640625 0.0703125 0.05
4 0.4953125 0.61015625 0.0703125 0.028125