4 0.66015625 0.671875 0.13046875 0.60390625
4 0.73515625 0.54609375 0.06796875 0.31875
4 0.58203125 0.634375 0.07890625 0.48671875
4 0.16484375 0.54140625 0.04609375 0.13515625
1 0.70859375 0.2546875 0.234375 0.509375
1 0.91015625 0.275 0.178125 0.55
1 0.12109375 0.29296875 0.2421875 0.5640625
4 0.2125 0.4828125 0.04375 0.11875
4 0.37734375 0.6765625 0.24375 0.646875
4 0.28671875 0.51171875 0.05 0.23828125
4 0.35390625 0.51953125 0.0359375 0.2234375
4 0.5296875 0.4578125 0.01875 0.09375
1 0.3265625 0.26640625 0.16875 0.315625