4 0.371875 0.33984375 0.43125 0.13125
4 0.5546875 0.628125 0.0890625 0.028125
1 0.75390625 0.68671875 0.4921875 0.2734375
1 0.7421875 0.88359375 0.515625 0.2328125
1 0.6671875 0.125 0.5875 0.25
4 0.4421875 0.4203125 0.296875 0.1078125
4 0.4625 0.46328125 0.215625 0.05625
4 0.503125 0.48359375 0.2 0.0546875
4 0.55 0.50234375 0.0953125 0.0265625
4 0.5515625 0.52578125 0.0953125 0.034375
4 0.53828125 0.5953125 0.1140625 0.0359375
4 0.5609375 0.575 0.08125 0.0296875
1 0.73203125 0.3234375 0.353125 0.2640625