4 0.13984375 0.4515625 0.1328125 0.3859375
4 0.33515625 0.3515625 0.121875 0.553125
4 0.2203125 0.3390625 0.16875 0.6453125
4 0.92578125 0.2953125 0.1484375 0.590625
4 0.2671875 0.3875 0.1 0.50625
1 0.303125 0.7546875 0.259375 0.490625
1 0.1078125 0.7578125 0.2125 0.484375
1 0.8765625 0.69453125 0.246875 0.5515625
1 0.68203125 0.71953125 0.234375 0.3265625
4 0.75546875 0.4890625 0.0609375 0.128125
4 0.65625 0.48671875 0.084375 0.2328125
4 0.57421875 0.4546875 0.065625 0.3078125
4 0.53515625 0.4953125 0.046875 0.2765625
4 0.50625 0.47578125 0.05 0.2421875
4 0.4203125 0.54296875 0.0359375 0.1296875
4 0.6984375 0.53125 0.0265625 0.0796875
4 0.715625 0.52734375 0.0234375 0.0703125