4 0.74140625 0.55625 0.08671875 0.34609375
4 0.7859375 0.5546875 0.09453125 0.309375
4 0.66171875 0.45859375 0.01640625 0.090625
1 0.715625 0.2515625 0.21875 0.503125
1 0.9109375 0.27578125 0.17578125 0.5515625
1 0.11953125 0.29140625 0.23828125 0.56484375
4 0.265625 0.5375 0.0671875 0.2671875
4 0.33125 0.50390625 0.0609375 0.20390625
4 0.3875 0.4859375 0.03046875 0.09765625
4 0.4984375 0.43359375 0.01796875 0.1078125
4 0.5375 0.43984375 0.0171875 0.0875
4 0.584375 0.45390625 0.03203125 0.0984375
1 0.3296875 0.25 0.1765625 0.27265625