4 0.871875 0.56796875 0.07890625 0.4015625
4 0.93203125 0.56640625 0.11328125 0.36640625
4 0.66015625 0.45703125 0.01796875 0.09296875
4 0.6109375 0.4453125 0.015625 0.0796875
4 0.68828125 0.45078125 0.01796875 0.10546875
4 0.76171875 0.45625 0.025 0.11640625
1 0.91015625 0.2859375 0.178125 0.571875
1 0.71484375 0.253125 0.22109375 0.50546875
1 0.1203125 0.29296875 0.240625 0.56328125
1 0.34140625 0.24921875 0.17578125 0.28359375
4 0.2734375 0.5171875 0.05703125 0.23828125
4 0.3375 0.509375 0.046875 0.23671875
4 0.58046875 0.45859375 0.02578125 0.11171875
4 0.5015625 0.44453125 0.02578125 0.09140625
4 0.5375 0.4421875 0.0203125 0.08515625