4 0.85625 0.5734375 0.10625 0.3796875
4 0.65390625 0.659375 0.084375 0.5484375
4 0.76796875 0.6796875 0.12421875 0.63671875
4 0.05625 0.68984375 0.1125 0.61640625
4 0.72421875 0.628125 0.065625 0.50390625
1 0.7140625 0.2484375 0.22421875 0.49609375
1 0.91015625 0.253125 0.17734375 0.50546875
1 0.12109375 0.27734375 0.2421875 0.5359375
1 0.33359375 0.26796875 0.2125 0.31328125
4 0.24453125 0.49296875 0.0515625 0.12421875
4 0.34296875 0.50234375 0.06875 0.22734375
4 0.42265625 0.53984375 0.04375 0.30546875
4 0.46484375 0.50234375 0.02890625 0.275
4 0.4921875 0.5234375 0.0328125 0.23984375
4 0.5828125 0.4625 0.0265625 0.12890625
4 0.30390625 0.4546875 0.02265625 0.078125
4 0.28671875 0.4578125 0.01875 0.06875