4 0.32734375 0.6109375 0.08671875 0.42578125
4 0.6328125 0.45859375 0.01796875 0.08671875
1 0.7140625 0.2515625 0.221875 0.503125
1 0.91015625 0.27421875 0.178125 0.5484375
1 0.1203125 0.29140625 0.240625 0.56484375
4 0.41484375 0.54921875 0.07890625 0.29140625
4 0.459375 0.53359375 0.03359375 0.21328125
4 0.484375 0.4953125 0.03359375 0.19609375
4 0.5078125 0.45078125 0.0171875 0.09453125
4 0.53125 0.4515625 0.02578125 0.09375
4 0.5984375 0.471875 0.025 0.1125
4 0.58125 0.44765625 0.02109375 0.0796875
1 0.3484375 0.25078125 0.23046875 0.33203125