4 0.52890625 0.1234375 0.4078125 0.1203125
4 0.5203125 0.06875 0.375 0.1375
4 0.440625 0.3453125 0.0953125 0.028125
4 0.434375 0.3953125 0.08125 0.0234375
4 0.43125 0.31796875 0.1078125 0.0296875
4 0.42890625 0.24453125 0.1171875 0.0375
1 0.26875 0.11640625 0.5375 0.2328125
1 0.24765625 0.31171875 0.4953125 0.2734375
1 0.3328125 0.875 0.584375 0.25
1 0.2671875 0.68359375 0.3015625 0.2046875
4 0.540625 0.7234375 0.2421875 0.08125
4 0.5265625 0.6609375 0.240625 0.071875
4 0.45078125 0.42421875 0.1140625 0.0359375
4 0.44453125 0.50390625 0.0921875 0.034375
4 0.43828125 0.46875 0.0859375 0.0296875