4 0.25234375 0.4953125 0.1578125 0.3578125
4 0.20859375 0.50625 0.1578125 0.321875
4 0.35078125 0.57421875 0.034375 0.0921875
1 0.340625 0.759375 0.31875 0.48125
1 0.14375 0.7578125 0.2875 0.484375
1 0.8703125 0.625 0.259375 0.603125
4 0.72109375 0.41484375 0.121875 0.275
4 0.6640625 0.4609375 0.1015625 0.2109375
4 0.61328125 0.490625 0.05 0.1015625
4 0.515625 0.56484375 0.040625 0.109375
4 0.47578125 0.56640625 0.034375 0.0890625
4 0.42734375 0.5625 0.0515625 0.103125
1 0.71875 0.709375 0.2296875 0.303125