4 0.3125 0.64140625 0.6140625 0.19375
4 0.4296875 0.72890625 0.3234375 0.1015625
4 0.3578125 0.5671875 0.49375 0.128125
4 0.49375 0.1625 0.1390625 0.0609375
1 0.721875 0.7328125 0.53125 0.2859375
1 0.68125 0.90703125 0.565625 0.1859375
1 0.72578125 0.146875 0.5484375 0.29375
4 0.546875 0.215625 0.1234375 0.05625
4 0.3375 0.359375 0.66875 0.309375
4 0.5109375 0.28671875 0.2421875 0.075
4 0.49609375 0.35234375 0.2265625 0.059375
4 0.5390625 0.53359375 0.0953125 0.028125
1 0.75078125 0.3515625 0.33125 0.2015625