4 0.77421875 0.6484375 0.2078125 0.6109375
4 0.4078125 0.53671875 0.090625 0.2578125
4 0.0984375 0.61875 0.1046875 0.246875
4 0.8875 0.615625 0.225 0.66875
4 0.95 0.5359375 0.1 0.484375
1 0.678125 0.24609375 0.290625 0.4921875
1 0.12578125 0.346875 0.2515625 0.59375
4 0.20625 0.52421875 0.0578125 0.13125
4 0.2828125 0.49453125 0.0296875 0.065625
4 0.30078125 0.49296875 0.0390625 0.0875
4 0.33203125 0.48359375 0.0296875 0.0859375
4 0.34609375 0.48359375 0.01875 0.065625
4 0.35390625 0.4765625 0.021875 0.0671875
4 0.475 0.5125 0.065625 0.2546875
4 0.515625 0.53515625 0.0765625 0.2625
4 0.55859375 0.50859375 0.05625 0.175
4 0.5859375 0.45078125 0.046875 0.140625
1 0.29609375 0.27734375 0.2234375 0.33125