4 0.68046875 0.53125 0.053125 0.25625
1 0.7125 0.253125 0.228125 0.50625
1 0.909375 0.2765625 0.178125 0.553125
1 0.2125 0.2109375 0.421875 0.421875
4 0.2078125 0.4734375 0.03125 0.1
4 0.23203125 0.46640625 0.0265625 0.109375
4 0.2921875 0.46171875 0.0203125 0.0765625
4 0.3109375 0.44296875 0.01875 0.0875
4 0.33359375 0.4671875 0.009375 0.090625
4 0.353125 0.471875 0.015625 0.090625
4 0.3859375 0.459375 0.01875 0.09375
4 0.55859375 0.49375 0.05 0.1765625
4 0.609375 0.51484375 0.0265625 0.29375
4 0.6453125 0.51640625 0.03125 0.23125