4 0.76015625 0.58828125 0.1 0.371875
4 0.53984375 0.66796875 0.08515625 0.5984375
4 0.46171875 0.62421875 0.065625 0.45546875
4 0.88984375 0.53828125 0.05703125 0.31640625
1 0.7125 0.253125 0.22109375 0.50546875
1 0.90859375 0.28359375 0.18046875 0.56640625
1 0.12421875 0.29296875 0.2484375 0.5640625
4 0.2125 0.4828125 0.028125 0.115625
4 0.2453125 0.4625 0.01953125 0.10078125
4 0.2734375 0.46953125 0.03203125 0.1125
4 0.3671875 0.48671875 0.03125 0.15390625
4 0.33515625 0.44765625 0.015625 0.06015625
4 0.32421875 0.4515625 0.009375 0.04921875
4 0.30625 0.45078125 0.00625 0.04296875
4 0.29609375 0.45234375 0.00703125 0.040625
1 0.33828125 0.26875 0.17890625 0.26328125