4 0.76015625 0.58828125 0.1 0.371875
4 0.53984375 0.66796875 0.084375 0.5984375
4 0.46171875 0.62421875 0.065625 0.45625
4 0.88984375 0.53828125 0.05625 0.315625
1 0.7125 0.253125 0.221875 0.50625
1 0.90859375 0.28359375 0.18125 0.565625
1 0.12421875 0.29296875 0.2484375 0.5640625
4 0.2125 0.4828125 0.028125 0.115625
4 0.2453125 0.4625 0.01875 0.1
4 0.2734375 0.46953125 0.03125 0.1125
4 0.3671875 0.48671875 0.03125 0.153125
4 0.33515625 0.44765625 0.015625 0.059375
4 0.32421875 0.4515625 0.009375 0.05
4 0.30625 0.45078125 0.00625 0.04375
4 0.29609375 0.45234375 0.00625 0.040625
1 0.33828125 0.26875 0.178125 0.2625