4 0.45234375 0.74296875 0.35 0.1
4 0.45546875 0.7875 0.3125 0.1046875
4 0.546875 0.66015625 0.090625 0.01875
1 0.75 0.70703125 0.5 0.2359375
1 0.7296875 0.90234375 0.540625 0.1953125
1 0.69453125 0.1203125 0.5734375 0.240625
4 0.4546875 0.2671875 0.26875 0.0765625
4 0.48984375 0.33125 0.2046875 0.06875
4 0.51015625 0.38671875 0.0984375 0.034375
4 0.56640625 0.49609375 0.1078125 0.021875
4 0.56171875 0.53515625 0.0875 0.0203125
4 0.54921875 0.5828125 0.1 0.034375
1 0.74375 0.32109375 0.278125 0.1859375